Timestamp:2014-12-07-10:43:11
Inventario:I1
Intervalo:1ms
Ngramas:1
Clasificador:NaiveBayes
Relation Name:  I1-1ms-1gramas
Num Instances:  183404
Num Attributes: 11

     Name                      Type  Nom  Int Real     Missing      Unique  Dist
   1 0Int(dB)                   Num   0%   9%  91%     0 /  0%     3 /  0%   781 
   2 0Pitch(Hz)                 Num   0%  51%  49%     0 /  0%   256 /  0%  4213 
   3 0RawPitch                  Num   0%  55%  45%     0 /  0%   417 /  0%  4119 
   4 0SmPitch                   Num   0%  53%  47%     0 /  0%   263 /  0%  4193 
   5 0Melogram(st)              Num   0%  49%  51%     0 /  0%   133 /  0%  3454 
   6 0ZCross                    Num   0% 100%   0%     0 /  0%     4 /  0%    58 
   7 0F1(Hz)                    Num   0%  52%  48%     0 /  0%  1154 /  1%  4824 
   8 0F2(Hz)                    Num   0%  52%  48%     0 /  0%  2223 /  1%  6697 
   9 0F3(Hz)                    Num   0%  53%  47%     0 /  0%  1930 /  1%  6200 
  10 0F4(Hz)                    Num   0%  52%  48%     0 /  0%  1933 /  1%  6096 
  11 class                      Nom 100%   0%   0%     0 /  0%     0 /  0%    13 


Naive Bayes Classifier

                    Class
Attribute               a         b         e         d         f         i         k         j         l         o         0         s         u
                   (0.16)    (0.03)    (0.07)    (0.01)    (0.01)    (0.04)    (0.02)    (0.01)    (0.09)    (0.07)    (0.39)    (0.06)    (0.02)
==================================================================================================================================================
0Int(dB)
  mean              -4.254  -12.2049   -5.1788   -8.1344  -15.0107    -8.647  -23.0454  -11.5529  -12.7927   -8.1757   -48.118  -21.1123   -5.0188
  std. dev.         9.6114   10.5691    8.0296    6.7971     8.868    8.3528   10.3933    8.2207   10.3811   12.2243   16.2751    6.7379    7.4803
  weight sum         28557      5814     13740      2682      2561      7083      3555      2062     17292     13234     72117     10570      4137
  precision         0.1037    0.1037    0.1037    0.1037    0.1037    0.1037    0.1037    0.1037    0.1037    0.1037    0.1037    0.1037    0.1037

0Pitch(Hz)
  mean            215.1081  159.9332  190.4015  197.2811  129.6994  173.2101   65.3742  182.4929  158.1051  177.8211   16.7875   48.6844  229.5826
  std. dev.       108.7696  110.8047   87.7758   89.0991  107.2959   76.2773  105.9656  121.2141   102.468  105.3227   56.4047    88.266   83.7347
  weight sum         28557      5814     13740      2682      2561      7083      3555      2062     17292     13234     72117     10570      4137
  precision         0.1184    0.1184    0.1184    0.1184    0.1184    0.1184    0.1184    0.1184    0.1184    0.1184    0.1184    0.1184    0.1184

0RawPitch
  mean            204.7122  148.2899  185.6605  190.4432    104.69  165.7379   42.5967  147.9941  143.1238  172.1393   13.7653   27.1754  220.7885
  std. dev.       115.5921  116.3341   95.6276   98.9727  103.2429   83.9735   90.3455  125.6089  109.9538  113.0491   51.2108   68.7975   92.5273
  weight sum         28557      5814     13740      2682      2561      7083      3555      2062     17292     13234     72117     10570      4137
  precision         0.1214    0.1214    0.1214    0.1214    0.1214    0.1214    0.1214    0.1214    0.1214    0.1214    0.1214    0.1214    0.1214

0SmPitch
  mean            213.2106  155.3207  189.0092  196.7284  119.5928  170.7795    54.878  161.3075  153.8621  175.6214   15.1791   41.6178  229.0387
  std. dev.       110.2529  113.4664   88.9353   90.0706  104.4955    78.963  100.3263  131.0323  104.3273  107.5646   52.6857   82.9328   84.1352
  weight sum         28557      5814     13740      2682      2561      7083      3555      2062     17292     13234     72117     10570      4137
  precision          0.119     0.119     0.119     0.119     0.119     0.119     0.119     0.119     0.119     0.119     0.119     0.119     0.119

0Melogram(st)
  mean             51.2091    41.496   50.4242   51.7797   36.4608   48.5268   16.2155   33.8146   42.0925   46.3993    4.9362   14.0219   54.2789
  std. dev.        17.1327   24.2847   15.4261   13.7295   25.2383   16.1496   25.7455   28.4871   23.2642   20.5969   15.6357   23.7231   13.7888
  weight sum         28557      5814     13740      2682      2561      7083      3555      2062     17292     13234     72117     10570      4137
  precision         0.0239    0.0239    0.0239    0.0239    0.0239    0.0239    0.0239    0.0239    0.0239    0.0239    0.0239    0.0239    0.0239

0ZCross
  mean              7.3004    2.5306    5.2275    4.0262    2.0522    3.7468    2.4163     4.274    2.5253    4.3624    0.2613    3.9463    4.0827
  std. dev.         4.7448    2.2366     3.329    2.3277    2.2158    3.3104    4.9515    3.4538    2.1995    3.0942     1.158    7.6595    2.9766
  weight sum         28557      5814     13740      2682      2561      7083      3555      2062     17292     13234     72117     10570      4137
  precision         1.0175    1.0175    1.0175    1.0175    1.0175    1.0175    1.0175    1.0175    1.0175    1.0175    1.0175    1.0175    1.0175

0F1(Hz)
  mean            683.5492  370.5749   466.604  505.4969  376.1761  363.6076   119.273  466.9295    400.97   485.985   54.1437  171.1197  501.0702
  std. dev.       270.1486   236.559  142.2478  171.2455  278.4193  141.3453  223.7154  281.1013  234.5833  225.6523  166.9989  267.7597  305.5336
  weight sum         28557      5814     13740      2682      2561      7083      3555      2062     17292     13234     72117     10570      4137
  precision         0.3611    0.3611    0.3611    0.3611    0.3611    0.3611    0.3611    0.3611    0.3611    0.3611    0.3611    0.3611    0.3611

0F2(Hz)
  mean           1443.5164 1303.9361 1799.2434  1448.146 1156.6522 1992.3968  392.6864 1460.7123 1316.3119  1138.609  169.6309  559.5041 1060.1575
  std. dev.       451.7609  748.5317  511.5475  393.8005  785.3266  653.6523  744.4085  801.4354  712.2901   531.629  518.0327  839.7476  414.9703
  weight sum         28557      5814     13740      2682      2561      7083      3555      2062     17292     13234     72117     10570      4137
  precision         0.4448    0.4448    0.4448    0.4448    0.4448    0.4448    0.4448    0.4448    0.4448    0.4448    0.4448    0.4448    0.4448

0F3(Hz)
  mean           2658.1212 2195.7732 2635.6414 2797.7777 1966.8613 2676.2267   664.142 2370.3101 2270.1065 2503.6829  289.1552  933.5574 2694.2989
  std. dev.       809.8058 1205.5074   764.297  672.0457 1324.7402   902.456 1215.6316 1272.7594 1204.5273 1021.0061  868.2099 1389.3791   752.613
  weight sum         28557      5814     13740      2682      2561      7083      3555      2062     17292     13234     72117     10570      4137
  precision         0.6646    0.6646    0.6646    0.6646    0.6646    0.6646    0.6646    0.6646    0.6646    0.6646    0.6646    0.6646    0.6646

0F4(Hz)
  mean           3082.4058 2641.4866 3173.7603 3238.8126 2355.3511 3178.8998  786.5555 2611.1612 2613.1847 2879.5448  347.6649 1066.2635 3088.1777
  std. dev.       925.1344 1418.3454  884.9534    754.11 1550.8738 1028.8621 1443.3441 1389.1675 1370.2678 1156.4562 1041.4648 1584.0832  760.6201
  weight sum         28557      5814     13740      2682      2561      7083      3555      2062     17292     13234     72117     10570      4137
  precision         0.6804    0.6804    0.6804    0.6804    0.6804    0.6804    0.6804    0.6804    0.6804    0.6804    0.6804    0.6804    0.6804





=== Stratified cross-validation ===

Correctly Classified Instances      100208               54.6378 %
Incorrectly Classified Instances     83196               45.3622 %
Kappa statistic                          0.4144
K&B Relative Info Score            7287695.1138 %
K&B Information Score               209918.5326 bits      1.1446 bits/instance
Class complexity | order 0          528260.7083 bits      2.8803 bits/instance
Class complexity | scheme          1158407.723  bits      6.3162 bits/instance
Complexity improvement     (Sf)    -630147.0147 bits     -3.4358 bits/instance
Mean absolute error                      0.0758
Root mean squared error                  0.2225
Relative absolute error                 62.0615 %
Root relative squared error             90.0134 %
Coverage of cases (0.95 level)          75.4929 %
Mean rel. region size (0.95 level)      24.5755 %
Total Number of Instances           183404     


=== Detailed Accuracy By Class ===

                 TP Rate  FP Rate  Precision  Recall   F-Measure  MCC      ROC Area  PRC Area  Class
                 0,629    0,074    0,610      0,629    0,619      0,548    0,885     0,615     a
                 0,001    0,000    0,044      0,001    0,001      0,002    0,726     0,058     b
                 0,724    0,204    0,223      0,724    0,341      0,319    0,868     0,393     e
                 0,039    0,010    0,057      0,039    0,046      0,035    0,814     0,047     d
                 0,000    0,000    0,000      0,000    0,000      -0,002   0,728     0,031     f
                 0,247    0,023    0,302      0,247    0,272      0,247    0,872     0,323     i
                 0,056    0,008    0,125      0,056    0,077      0,072    0,831     0,089     k
                 0,014    0,001    0,218      0,014    0,026      0,053    0,743     0,063     j
                 0,109    0,052    0,179      0,109    0,136      0,072    0,751     0,180     l
                 0,008    0,001    0,332      0,008    0,016      0,043    0,783     0,204     o
                 0,893    0,146    0,798      0,893    0,843      0,735    0,950     0,949     0
                 0,226    0,017    0,450      0,226    0,301      0,291    0,889     0,394     s
                 0,338    0,010    0,450      0,338    0,386      0,378    0,876     0,353     u
Weighted Avg.    0,546    0,092    0,521      0,546    0,507      0,446    0,878     0,578     


=== Confusion Matrix ===

     a     b     c     d     e     f     g     h     i     j     k     l     m   <-- classified as
 17954     3  6265   410    18   255   174    49  1461    89  1561   287    31 |     a = a
   631     4  2315   126     0   611    92     0   515    16  1086   136   282 |     b = b
  1856    26  9953    11     0   447   126    18   579    15   542   132    35 |     c = e
   531     0  1606   104     0    99     0     0   186     0   102    33    21 |     d = d
   193     0   932    89     0   203    72     0   291     1   664   103    13 |     e = f
   402     0  3963     2     0  1753   103     0   358     0   395   106     1 |     f = i
    88    20   213    21     0    84   198    10   323     3  2020   516    59 |     g = k
   469     3   714     0     0    74    54    29   260    54   353    52     0 |     h = j
  2107     5  8083   305     0   980   344     5  1884    10  2849   528   192 |     i = l
  2837    19  5690   419     0    74    69     4  1361   111  1467   223   960 |     j = o
  1047     9  2835   240    15   763   173    11  1728     9 64435   759    93 |     k = 0
   508     0   741    36     8   361   139     7  1183    16  5164  2386    21 |     l = s
   797     1  1255    64     0    92    37     0   373    10    72    39  1397 |     m = u

=== Percent Confusion Matrix ===
a	b	c	d	e	f	g	h	i	j	k	l	m	
62.87	0.01	21.94	1.44	0.06	0.89	0.61	0.17	5.12	0.31	5.47	1.01	0.11	 a = a
10.85	0.07	39.82	2.17	0.0	10.51	1.58	0.0	8.86	0.28	18.68	2.34	4.85	 b = b
13.51	0.19	72.44	0.08	0.0	3.25	0.92	0.13	4.21	0.11	3.94	0.96	0.25	 c = e
19.8	0.0	59.88	3.88	0.0	3.69	0.0	0.0	6.94	0.0	3.8	1.23	0.78	 d = d
7.54	0.0	36.39	3.48	0.0	7.93	2.81	0.0	11.36	0.04	25.93	4.02	0.51	 e = f
5.68	0.0	55.95	0.03	0.0	24.75	1.45	0.0	5.05	0.0	5.58	1.5	0.01	 f = i
2.48	0.56	5.99	0.59	0.0	2.36	5.57	0.28	9.09	0.08	56.82	14.51	1.66	 g = k
22.74	0.15	34.63	0.0	0.0	3.59	2.62	1.41	12.61	2.62	17.12	2.52	0.0	 h = j
12.18	0.03	46.74	1.76	0.0	5.67	1.99	0.03	10.9	0.06	16.48	3.05	1.11	 i = l
21.44	0.14	43.0	3.17	0.0	0.56	0.52	0.03	10.28	0.84	11.09	1.69	7.25	 j = o
1.45	0.01	3.93	0.33	0.02	1.06	0.24	0.02	2.4	0.01	89.35	1.05	0.13	 k = 0
4.81	0.0	7.01	0.34	0.08	3.42	1.32	0.07	11.19	0.15	48.86	22.57	0.2	 l = s
19.27	0.02	30.34	1.55	0.0	2.22	0.89	0.0	9.02	0.24	1.74	0.94	33.77	 m = u
