Timestamp:2013-07-22-21:20:43
Inventario:I1
Intervalo:10ms
Ngramas:5
Clasificador:RandomForest
Relation Name:  I1-10ms-5gramas
Num Instances:  18292
Num Attributes: 51

     Name                      Type  Nom  Int Real     Missing      Unique  Dist
   1 0Int(dB)                   Num   0%  10%  90%     0 /  0%     7 /  0%   772 
   2 0Pitch(Hz)                 Num   0%  51%  49%     0 /  0%   816 /  4%  3063 
   3 0RawPitch                  Num   0%  54%  46%     0 /  0%   853 /  5%  2955 
   4 0SmPitch                   Num   0%  52%  48%     0 /  0%   827 /  5%  3024 
   5 0Melogram(st)              Num   0%  47%  53%     0 /  0%   581 /  3%  2807 
   6 0ZCross                    Num   0% 100%   0%     0 /  0%    10 /  0%    42 
   7 0F1(Hz)                    Num   0%  51%  49%     0 /  0%  2131 / 12%  4724 
   8 0F2(Hz)                    Num   0%  51%  49%     0 /  0%  4210 / 23%  6615 
   9 0F3(Hz)                    Num   0%  51%  49%     0 /  0%  3688 / 20%  6145 
  10 0F4(Hz)                    Num   0%  51%  49%     0 /  0%  3689 / 20%  6054 
  11 1Int(dB)                   Num   0%  10%  90%     0 /  0%     7 /  0%   772 
  12 1Pitch(Hz)                 Num   0%  51%  49%     0 /  0%   816 /  4%  3063 
  13 1RawPitch                  Num   0%  54%  46%     0 /  0%   853 /  5%  2955 
  14 1SmPitch                   Num   0%  52%  48%     0 /  0%   827 /  5%  3024 
  15 1Melogram(st)              Num   0%  47%  53%     0 /  0%   581 /  3%  2807 
  16 1ZCross                    Num   0% 100%   0%     0 /  0%    10 /  0%    42 
  17 1F1(Hz)                    Num   0%  51%  49%     0 /  0%  2131 / 12%  4724 
  18 1F2(Hz)                    Num   0%  51%  49%     0 /  0%  4210 / 23%  6615 
  19 1F3(Hz)                    Num   0%  51%  49%     0 /  0%  3688 / 20%  6145 
  20 1F4(Hz)                    Num   0%  51%  49%     0 /  0%  3689 / 20%  6054 
  21 2Int(dB)                   Num   0%  10%  90%     0 /  0%     7 /  0%   772 
  22 2Pitch(Hz)                 Num   0%  51%  49%     0 /  0%   816 /  4%  3063 
  23 2RawPitch                  Num   0%  54%  46%     0 /  0%   853 /  5%  2955 
  24 2SmPitch                   Num   0%  52%  48%     0 /  0%   827 /  5%  3024 
  25 2Melogram(st)              Num   0%  47%  53%     0 /  0%   581 /  3%  2807 
  26 2ZCross                    Num   0% 100%   0%     0 /  0%    10 /  0%    42 
  27 2F1(Hz)                    Num   0%  51%  49%     0 /  0%  2131 / 12%  4724 
  28 2F2(Hz)                    Num   0%  51%  49%     0 /  0%  4210 / 23%  6615 
  29 2F3(Hz)                    Num   0%  51%  49%     0 /  0%  3688 / 20%  6145 
  30 2F4(Hz)                    Num   0%  51%  49%     0 /  0%  3689 / 20%  6054 
  31 3Int(dB)                   Num   0%  10%  90%     0 /  0%     7 /  0%   772 
  32 3Pitch(Hz)                 Num   0%  51%  49%     0 /  0%   816 /  4%  3063 
  33 3RawPitch                  Num   0%  54%  46%     0 /  0%   853 /  5%  2955 
  34 3SmPitch                   Num   0%  52%  48%     0 /  0%   827 /  5%  3024 
  35 3Melogram(st)              Num   0%  47%  53%     0 /  0%   581 /  3%  2807 
  36 3ZCross                    Num   0% 100%   0%     0 /  0%    10 /  0%    42 
  37 3F1(Hz)                    Num   0%  51%  49%     0 /  0%  2131 / 12%  4724 
  38 3F2(Hz)                    Num   0%  51%  49%     0 /  0%  4210 / 23%  6615 
  39 3F3(Hz)                    Num   0%  51%  49%     0 /  0%  3688 / 20%  6145 
  40 3F4(Hz)                    Num   0%  51%  49%     0 /  0%  3689 / 20%  6054 
  41 4Int(dB)                   Num   0%  10%  90%     0 /  0%     7 /  0%   772 
  42 4Pitch(Hz)                 Num   0%  51%  49%     0 /  0%   817 /  4%  3064 
  43 4RawPitch                  Num   0%  54%  46%     0 /  0%   854 /  5%  2956 
  44 4SmPitch                   Num   0%  52%  48%     0 /  0%   828 /  5%  3025 
  45 4Melogram(st)              Num   0%  47%  53%     0 /  0%   582 /  3%  2808 
  46 4ZCross                    Num   0% 100%   0%     0 /  0%    10 /  0%    42 
  47 4F1(Hz)                    Num   0%  51%  49%     0 /  0%  2131 / 12%  4724 
  48 4F2(Hz)                    Num   0%  51%  49%     0 /  0%  4210 / 23%  6615 
  49 4F3(Hz)                    Num   0%  51%  49%     0 /  0%  3688 / 20%  6145 
  50 4F4(Hz)                    Num   0%  51%  49%     0 /  0%  3689 / 20%  6054 
  51 class                      Nom 100%   0%   0%     0 /  0%     0 /  0%    13 


Options: -I 10 -K 0 -S 1 -num-slots 4 

Random forest of 10 trees, each constructed while considering 6 random features.
Out of bag error: 0.2918





=== Stratified cross-validation ===

Correctly Classified Instances       14188               77.564  %
Incorrectly Classified Instances      4104               22.436  %
Kappa statistic                          0.7194
K&B Relative Info Score            1240716.8334 %
K&B Information Score                36389.7834 bits      1.9894 bits/instance
Class complexity | order 0           53630.1246 bits      2.9319 bits/instance
Class complexity | scheme           992139.1072 bits     54.239  bits/instance
Complexity improvement     (Sf)    -938508.9826 bits    -51.3071 bits/instance
Mean absolute error                      0.054 
Root mean squared error                  0.1596
Relative absolute error                 43.4742 %
Root relative squared error             64.0547 %
Coverage of cases (0.95 level)          95.0197 %
Mean rel. region size (0.95 level)      22.7868 %
Total Number of Instances            18292     


=== Detailed Accuracy By Class ===

                 TP Rate  FP Rate  Precision  Recall   F-Measure  MCC      ROC Area  PRC Area  Class
                 0,865    0,052    0,760      0,865    0,809      0,772    0,958     0,883     a
                 0,535    0,011    0,610      0,535    0,570      0,558    0,909     0,556     b
                 0,775    0,030    0,684      0,775    0,727      0,703    0,954     0,762     e
                 0,431    0,003    0,667      0,431    0,523      0,530    0,934     0,538     d
                 0,322    0,003    0,575      0,322    0,413      0,424    0,881     0,368     f
                 0,726    0,011    0,736      0,726    0,731      0,719    0,956     0,763     i
                 0,279    0,008    0,410      0,279    0,332      0,327    0,827     0,266     k
                 0,438    0,002    0,765      0,438    0,557      0,575    0,891     0,527     j
                 0,612    0,040    0,621      0,612    0,616      0,575    0,910     0,626     l
                 0,649    0,019    0,734      0,649    0,689      0,667    0,933     0,727     o
                 0,929    0,063    0,898      0,929    0,913      0,860    0,975     0,957     0
                 0,645    0,019    0,679      0,645    0,662      0,641    0,945     0,696     s
                 0,657    0,003    0,840      0,657    0,737      0,738    0,949     0,756     u
Weighted Avg.    0,776    0,042    0,770      0,776    0,770      0,735    0,950     0,806     


=== Confusion Matrix ===

    a    b    c    d    e    f    g    h    i    j    k    l    m   <-- classified as
 2542   15   65    7    4   15   22    2   90   48   90   37    3 |    a = a
   56  318   30    1    4   24   10    0   51   27   48   19    6 |    b = b
   93   15 1114    8    5   35   10    6   76   20   28   26    2 |    c = e
   37    5   25  118    0    1    0    1   42   37    6    2    0 |    d = d
   37    5   26    2   84    7    3    3   33   16   10   33    2 |    e = f
   24   23   69    2    4  543    8    2   30    1   24   17    1 |    f = i
   39    9   17    1    6    4  100    2   32   10  103   33    3 |    g = k
   32    2   27    0    1    4    2   91   11    4   19   13    2 |    h = j
  193   44  117   11   11   42   33    2 1094   44  141   48    8 |    i = l
  132   26   46   20    6    8    8    1   96  894  110   14   16 |    j = o
   91   35   47    4    5   24   23    3  103   58 6310   85    6 |    k = 0
   51   11   25    2   16   25   21    3   77   17  134  702    4 |    l = s
   18   13   20    1    0    6    4    3   27   42    6    5  278 |    m = u

=== Percent Confusion Matrix ===
a	b	c	d	e	f	g	h	i	j	k	l	m	
86.46	0.51	2.21	0.24	0.14	0.51	0.75	0.07	3.06	1.63	3.06	1.26	0.1	 a = a
9.43	53.54	5.05	0.17	0.67	4.04	1.68	0.0	8.59	4.55	8.08	3.2	1.01	 b = b
6.47	1.04	77.47	0.56	0.35	2.43	0.7	0.42	5.29	1.39	1.95	1.81	0.14	 c = e
13.5	1.82	9.12	43.07	0.0	0.36	0.0	0.36	15.33	13.5	2.19	0.73	0.0	 d = d
14.18	1.92	9.96	0.77	32.18	2.68	1.15	1.15	12.64	6.13	3.83	12.64	0.77	 e = f
3.21	3.07	9.22	0.27	0.53	72.59	1.07	0.27	4.01	0.13	3.21	2.27	0.13	 f = i
10.86	2.51	4.74	0.28	1.67	1.11	27.86	0.56	8.91	2.79	28.69	9.19	0.84	 g = k
15.38	0.96	12.98	0.0	0.48	1.92	0.96	43.75	5.29	1.92	9.13	6.25	0.96	 h = j
10.79	2.46	6.54	0.62	0.62	2.35	1.85	0.11	61.19	2.46	7.89	2.68	0.45	 i = l
9.59	1.89	3.34	1.45	0.44	0.58	0.58	0.07	6.97	64.92	7.99	1.02	1.16	 j = o
1.34	0.52	0.69	0.06	0.07	0.35	0.34	0.04	1.52	0.85	92.88	1.25	0.09	 k = 0
4.69	1.01	2.3	0.18	1.47	2.3	1.93	0.28	7.08	1.56	12.32	64.52	0.37	 l = s
4.26	3.07	4.73	0.24	0.0	1.42	0.95	0.71	6.38	9.93	1.42	1.18	65.72	 m = u
