Timestamp:2013-07-22-21:21:37
Inventario:I1
Intervalo:15ms
Ngramas:3
Clasificador:RandomForest
Relation Name:  I1-15ms-3gramas
Num Instances:  12187
Num Attributes: 31

     Name                      Type  Nom  Int Real     Missing      Unique  Dist
   1 0Int(dB)                   Num   0%  10%  90%     0 /  0%    10 /  0%   768 
   2 0Pitch(Hz)                 Num   0%  50%  50%     0 /  0%   940 /  8%  2714 
   3 0RawPitch                  Num   0%  53%  47%     0 /  0%   980 /  8%  2609 
   4 0SmPitch                   Num   0%  51%  49%     0 /  0%   957 /  8%  2691 
   5 0Melogram(st)              Num   0%  46%  54%     0 /  0%   837 /  7%  2573 
   6 0ZCross                    Num   0% 100%   0%     0 /  0%    10 /  0%    40 
   7 0F1(Hz)                    Num   0%  50%  50%     0 /  0%  2281 / 19%  3977 
   8 0F2(Hz)                    Num   0%  50%  50%     0 /  0%  3848 / 32%  5158 
   9 0F3(Hz)                    Num   0%  50%  50%     0 /  0%  3419 / 28%  4850 
  10 0F4(Hz)                    Num   0%  50%  50%     0 /  0%  3319 / 27%  4764 
  11 1Int(dB)                   Num   0%  10%  90%     0 /  0%    10 /  0%   768 
  12 1Pitch(Hz)                 Num   0%  50%  50%     0 /  0%   940 /  8%  2714 
  13 1RawPitch                  Num   0%  53%  47%     0 /  0%   980 /  8%  2609 
  14 1SmPitch                   Num   0%  51%  49%     0 /  0%   957 /  8%  2691 
  15 1Melogram(st)              Num   0%  46%  54%     0 /  0%   837 /  7%  2573 
  16 1ZCross                    Num   0% 100%   0%     0 /  0%    10 /  0%    40 
  17 1F1(Hz)                    Num   0%  50%  50%     0 /  0%  2281 / 19%  3977 
  18 1F2(Hz)                    Num   0%  50%  50%     0 /  0%  3848 / 32%  5158 
  19 1F3(Hz)                    Num   0%  50%  50%     0 /  0%  3419 / 28%  4850 
  20 1F4(Hz)                    Num   0%  50%  50%     0 /  0%  3319 / 27%  4764 
  21 2Int(dB)                   Num   0%  10%  90%     0 /  0%    10 /  0%   768 
  22 2Pitch(Hz)                 Num   0%  50%  50%     0 /  0%   941 /  8%  2715 
  23 2RawPitch                  Num   0%  53%  47%     0 /  0%   979 /  8%  2609 
  24 2SmPitch                   Num   0%  51%  49%     0 /  0%   957 /  8%  2691 
  25 2Melogram(st)              Num   0%  46%  54%     0 /  0%   838 /  7%  2574 
  26 2ZCross                    Num   0% 100%   0%     0 /  0%    10 /  0%    40 
  27 2F1(Hz)                    Num   0%  50%  50%     0 /  0%  2281 / 19%  3977 
  28 2F2(Hz)                    Num   0%  50%  50%     0 /  0%  3848 / 32%  5158 
  29 2F3(Hz)                    Num   0%  50%  50%     0 /  0%  3419 / 28%  4850 
  30 2F4(Hz)                    Num   0%  50%  50%     0 /  0%  3319 / 27%  4764 
  31 class                      Nom 100%   0%   0%     0 /  0%     0 /  0%    13 


Options: -I 10 -K 0 -S 1 -num-slots 4 

Random forest of 10 trees, each constructed while considering 5 random features.
Out of bag error: 0.3509





=== Stratified cross-validation ===

Correctly Classified Instances        8713               71.4942 %
Incorrectly Classified Instances      3474               28.5058 %
Kappa statistic                          0.6458
K&B Relative Info Score             753316.0139 %
K&B Information Score                22240.04   bits      1.8249 bits/instance
Class complexity | order 0           35955.7145 bits      2.9503 bits/instance
Class complexity | scheme          1003471.9161 bits     82.3395 bits/instance
Complexity improvement     (Sf)    -967516.2016 bits    -79.3892 bits/instance
Mean absolute error                      0.0601
Root mean squared error                  0.1741
Relative absolute error                 48.1171 %
Root relative squared error             69.6542 %
Coverage of cases (0.95 level)          92.4099 %
Mean rel. region size (0.95 level)      23.592  %
Total Number of Instances            12187     


=== Detailed Accuracy By Class ===

                 TP Rate  FP Rate  Precision  Recall   F-Measure  MCC      ROC Area  PRC Area  Class
                 0,825    0,065    0,713      0,825    0,765      0,718    0,939     0,840     a
                 0,398    0,016    0,464      0,398    0,429      0,412    0,853     0,360     b
                 0,675    0,043    0,574      0,675    0,620      0,587    0,922     0,620     e
                 0,280    0,006    0,432      0,280    0,340      0,340    0,866     0,262     d
                 0,164    0,005    0,319      0,164    0,216      0,221    0,783     0,149     f
                 0,636    0,017    0,624      0,636    0,630      0,614    0,929     0,630     i
                 0,228    0,010    0,309      0,228    0,262      0,253    0,793     0,182     k
                 0,254    0,002    0,556      0,254    0,348      0,371    0,863     0,323     j
                 0,512    0,057    0,499      0,512    0,505      0,450    0,861     0,469     l
                 0,555    0,026    0,643      0,555    0,596      0,567    0,897     0,620     o
                 0,920    0,060    0,897      0,920    0,909      0,856    0,975     0,956     0
                 0,564    0,022    0,623      0,564    0,592      0,568    0,905     0,587     s
                 0,519    0,004    0,775      0,519    0,622      0,627    0,934     0,671     u
Weighted Avg.    0,715    0,046    0,707      0,715    0,707      0,668    0,927     0,730     


=== Confusion Matrix ===

    a    b    c    d    e    f    g    h    i    j    k    l    m   <-- classified as
 1641   16   72    4    5   15   16    3   87   38   70   21    1 |    a = a
   41  159   31    4    9   23    1    0   53   24   33   13    8 |    b = b
   79   19  655    9    4   33   10    7   83   31   20   16    5 |    c = e
   35    5   19   51    1    5    0    1   38   23    3    0    1 |    d = d
   24    6   27    2   29    3    4    3   24   15   11   29    0 |    e = f
   17   14   78    1    6  320    3    1   33    2   20    8    0 |    f = i
   22    6    9    2    4   11   54    0   34    6   57   32    0 |    g = k
   35    4   24    2    4    4    3   35    7    3    5   11    1 |    h = j
  170   49  108   17    5   35   22    5  622   50   92   32    9 |    i = l
  119   33   44   14    3   12    8    2   85  522   68   15   15 |    j = o
   60   15   24    2    5   25   29    3   79   38 4063   71    2 |    k = 0
   44   10   33    4   15   21   21    3   68   15   85  414    1 |    l = s
   14    7   17    6    1    6    4    0   33   45    1    3  148 |    m = u

=== Percent Confusion Matrix ===
a	b	c	d	e	f	g	h	i	j	k	l	m	
82.5	0.8	3.62	0.2	0.25	0.75	0.8	0.15	4.37	1.91	3.52	1.06	0.05	 a = a
10.28	39.85	7.77	1.0	2.26	5.76	0.25	0.0	13.28	6.02	8.27	3.26	2.01	 b = b
8.14	1.96	67.46	0.93	0.41	3.4	1.03	0.72	8.55	3.19	2.06	1.65	0.51	 c = e
19.23	2.75	10.44	28.02	0.55	2.75	0.0	0.55	20.88	12.64	1.65	0.0	0.55	 d = d
13.56	3.39	15.25	1.13	16.38	1.69	2.26	1.69	13.56	8.47	6.21	16.38	0.0	 e = f
3.38	2.78	15.51	0.2	1.19	63.62	0.6	0.2	6.56	0.4	3.98	1.59	0.0	 f = i
9.28	2.53	3.8	0.84	1.69	4.64	22.78	0.0	14.35	2.53	24.05	13.5	0.0	 g = k
25.36	2.9	17.39	1.45	2.9	2.9	2.17	25.36	5.07	2.17	3.62	7.97	0.72	 h = j
13.98	4.03	8.88	1.4	0.41	2.88	1.81	0.41	51.15	4.11	7.57	2.63	0.74	 i = l
12.66	3.51	4.68	1.49	0.32	1.28	0.85	0.21	9.04	55.53	7.23	1.6	1.6	 j = o
1.36	0.34	0.54	0.05	0.11	0.57	0.66	0.07	1.79	0.86	92.01	1.61	0.05	 k = 0
5.99	1.36	4.5	0.54	2.04	2.86	2.86	0.41	9.26	2.04	11.58	56.4	0.14	 l = s
4.91	2.46	5.96	2.11	0.35	2.11	1.4	0.0	11.58	15.79	0.35	1.05	51.93	 m = u
