Timestamp:2013-07-22-21:22:12
Inventario:I1
Intervalo:15ms
Ngramas:5
Clasificador:RandomForest
Relation Name:  I1-15ms-5gramas
Num Instances:  12185
Num Attributes: 51

     Name                      Type  Nom  Int Real     Missing      Unique  Dist
   1 0Int(dB)                   Num   0%  10%  90%     0 /  0%    10 /  0%   768 
   2 0Pitch(Hz)                 Num   0%  50%  50%     0 /  0%   940 /  8%  2714 
   3 0RawPitch                  Num   0%  53%  47%     0 /  0%   980 /  8%  2609 
   4 0SmPitch                   Num   0%  51%  49%     0 /  0%   957 /  8%  2691 
   5 0Melogram(st)              Num   0%  46%  54%     0 /  0%   837 /  7%  2573 
   6 0ZCross                    Num   0% 100%   0%     0 /  0%    10 /  0%    40 
   7 0F1(Hz)                    Num   0%  50%  50%     0 /  0%  2281 / 19%  3977 
   8 0F2(Hz)                    Num   0%  50%  50%     0 /  0%  3848 / 32%  5158 
   9 0F3(Hz)                    Num   0%  50%  50%     0 /  0%  3419 / 28%  4850 
  10 0F4(Hz)                    Num   0%  50%  50%     0 /  0%  3319 / 27%  4764 
  11 1Int(dB)                   Num   0%  10%  90%     0 /  0%    10 /  0%   768 
  12 1Pitch(Hz)                 Num   0%  50%  50%     0 /  0%   940 /  8%  2714 
  13 1RawPitch                  Num   0%  53%  47%     0 /  0%   980 /  8%  2609 
  14 1SmPitch                   Num   0%  51%  49%     0 /  0%   957 /  8%  2691 
  15 1Melogram(st)              Num   0%  46%  54%     0 /  0%   837 /  7%  2573 
  16 1ZCross                    Num   0% 100%   0%     0 /  0%    10 /  0%    40 
  17 1F1(Hz)                    Num   0%  50%  50%     0 /  0%  2281 / 19%  3977 
  18 1F2(Hz)                    Num   0%  50%  50%     0 /  0%  3848 / 32%  5158 
  19 1F3(Hz)                    Num   0%  50%  50%     0 /  0%  3419 / 28%  4850 
  20 1F4(Hz)                    Num   0%  50%  50%     0 /  0%  3319 / 27%  4764 
  21 2Int(dB)                   Num   0%  10%  90%     0 /  0%    10 /  0%   768 
  22 2Pitch(Hz)                 Num   0%  50%  50%     0 /  0%   940 /  8%  2714 
  23 2RawPitch                  Num   0%  53%  47%     0 /  0%   980 /  8%  2609 
  24 2SmPitch                   Num   0%  51%  49%     0 /  0%   957 /  8%  2691 
  25 2Melogram(st)              Num   0%  46%  54%     0 /  0%   837 /  7%  2573 
  26 2ZCross                    Num   0% 100%   0%     0 /  0%    10 /  0%    40 
  27 2F1(Hz)                    Num   0%  50%  50%     0 /  0%  2281 / 19%  3977 
  28 2F2(Hz)                    Num   0%  50%  50%     0 /  0%  3848 / 32%  5158 
  29 2F3(Hz)                    Num   0%  50%  50%     0 /  0%  3419 / 28%  4850 
  30 2F4(Hz)                    Num   0%  50%  50%     0 /  0%  3319 / 27%  4764 
  31 3Int(dB)                   Num   0%  10%  90%     0 /  0%    10 /  0%   768 
  32 3Pitch(Hz)                 Num   0%  50%  50%     0 /  0%   940 /  8%  2714 
  33 3RawPitch                  Num   0%  53%  47%     0 /  0%   980 /  8%  2609 
  34 3SmPitch                   Num   0%  51%  49%     0 /  0%   957 /  8%  2691 
  35 3Melogram(st)              Num   0%  46%  54%     0 /  0%   837 /  7%  2573 
  36 3ZCross                    Num   0% 100%   0%     0 /  0%    10 /  0%    40 
  37 3F1(Hz)                    Num   0%  50%  50%     0 /  0%  2281 / 19%  3977 
  38 3F2(Hz)                    Num   0%  50%  50%     0 /  0%  3848 / 32%  5158 
  39 3F3(Hz)                    Num   0%  50%  50%     0 /  0%  3419 / 28%  4850 
  40 3F4(Hz)                    Num   0%  50%  50%     0 /  0%  3319 / 27%  4764 
  41 4Int(dB)                   Num   0%  10%  90%     0 /  0%    10 /  0%   768 
  42 4Pitch(Hz)                 Num   0%  50%  50%     0 /  0%   941 /  8%  2715 
  43 4RawPitch                  Num   0%  53%  47%     0 /  0%   979 /  8%  2609 
  44 4SmPitch                   Num   0%  51%  49%     0 /  0%   957 /  8%  2691 
  45 4Melogram(st)              Num   0%  46%  54%     0 /  0%   838 /  7%  2574 
  46 4ZCross                    Num   0% 100%   0%     0 /  0%    10 /  0%    40 
  47 4F1(Hz)                    Num   0%  50%  50%     0 /  0%  2281 / 19%  3977 
  48 4F2(Hz)                    Num   0%  50%  50%     0 /  0%  3848 / 32%  5158 
  49 4F3(Hz)                    Num   0%  50%  50%     0 /  0%  3419 / 28%  4850 
  50 4F4(Hz)                    Num   0%  50%  50%     0 /  0%  3319 / 27%  4764 
  51 class                      Nom 100%   0%   0%     0 /  0%     0 /  0%    13 


Options: -I 10 -K 0 -S 1 -num-slots 4 

Random forest of 10 trees, each constructed while considering 6 random features.
Out of bag error: 0.343





=== Stratified cross-validation ===

Correctly Classified Instances        8869               72.7862 %
Incorrectly Classified Instances      3316               27.2138 %
Kappa statistic                          0.6614
K&B Relative Info Score             760421.006  %
K&B Information Score                22451.0335 bits      1.8425 bits/instance
Class complexity | order 0           35952.7849 bits      2.9506 bits/instance
Class complexity | scheme           816012.8898 bits     66.9686 bits/instance
Complexity improvement     (Sf)    -780060.1049 bits    -64.0181 bits/instance
Mean absolute error                      0.0604
Root mean squared error                  0.172 
Relative absolute error                 48.3692 %
Root relative squared error             68.8133 %
Coverage of cases (0.95 level)          93.8449 %
Mean rel. region size (0.95 level)      24.474  %
Total Number of Instances            12185     


=== Detailed Accuracy By Class ===

                 TP Rate  FP Rate  Precision  Recall   F-Measure  MCC      ROC Area  PRC Area  Class
                 0,832    0,070    0,699      0,832    0,759      0,711    0,943     0,836     a
                 0,409    0,013    0,517      0,409    0,457      0,444    0,866     0,406     b
                 0,678    0,041    0,588      0,678    0,630      0,597    0,925     0,643     e
                 0,247    0,003    0,529      0,247    0,337      0,355    0,871     0,298     d
                 0,237    0,004    0,483      0,237    0,318      0,332    0,827     0,227     f
                 0,652    0,016    0,642      0,652    0,647      0,632    0,945     0,653     i
                 0,215    0,008    0,352      0,215    0,267      0,264    0,812     0,186     k
                 0,232    0,002    0,604      0,232    0,335      0,370    0,881     0,322     j
                 0,521    0,055    0,515      0,521    0,518      0,464    0,874     0,497     l
                 0,593    0,026    0,658      0,593    0,624      0,595    0,919     0,637     o
                 0,930    0,055    0,905      0,930    0,918      0,870    0,977     0,959     0
                 0,608    0,022    0,634      0,608    0,621      0,597    0,922     0,622     s
                 0,537    0,003    0,818      0,537    0,648      0,657    0,926     0,653     u
Weighted Avg.    0,728    0,045    0,720      0,728    0,719      0,682    0,935     0,742     


=== Confusion Matrix ===

    a    b    c    d    e    f    g    h    i    j    k    l    m   <-- classified as
 1654   12   64    4    6   13   14    3   83   48   56   30    2 |    a = a
   44  163   22    1    5   26    2    1   67   19   33   12    4 |    b = b
  102   24  658    3    3   35    9    5   66   30   17   18    1 |    c = e
   34    4   18   45    0    4    1    0   38   34    3    1    0 |    d = d
   24   11   22    0   42    3    3    1   30   12    3   26    0 |    e = f
   13   13   82    0    5  328    3    0   30    4   13   10    2 |    f = i
   27    7    9    0    0   10   51    0   36   11   60   24    2 |    g = k
   40    3   16    2    2    6    1   32   18    2    5   10    1 |    h = j
  166   29  113   11    7   37   22    1  634   48   95   44    9 |    i = l
  130   21   40   13    3    9    3    2   70  557   69   15    8 |    j = o
   54   14   31    4    8   15   18    3   66   31 4106   62    2 |    k = 0
   54    5   25    2    6   20   16    3   68   13   73  446    3 |    l = s
   25    9   19    0    0    5    2    2   26   37    2    5  153 |    m = u

=== Percent Confusion Matrix ===
a	b	c	d	e	f	g	h	i	j	k	l	m	
83.16	0.6	3.22	0.2	0.3	0.65	0.7	0.15	4.17	2.41	2.82	1.51	0.1	 a = a
11.03	40.85	5.51	0.25	1.25	6.52	0.5	0.25	16.79	4.76	8.27	3.01	1.0	 b = b
10.5	2.47	67.77	0.31	0.31	3.6	0.93	0.51	6.8	3.09	1.75	1.85	0.1	 c = e
18.68	2.2	9.89	24.73	0.0	2.2	0.55	0.0	20.88	18.68	1.65	0.55	0.0	 d = d
13.56	6.21	12.43	0.0	23.73	1.69	1.69	0.56	16.95	6.78	1.69	14.69	0.0	 e = f
2.58	2.58	16.3	0.0	0.99	65.21	0.6	0.0	5.96	0.8	2.58	1.99	0.4	 f = i
11.39	2.95	3.8	0.0	0.0	4.22	21.52	0.0	15.19	4.64	25.32	10.13	0.84	 g = k
28.99	2.17	11.59	1.45	1.45	4.35	0.72	23.19	13.04	1.45	3.62	7.25	0.72	 h = j
13.65	2.38	9.29	0.9	0.58	3.04	1.81	0.08	52.14	3.95	7.81	3.62	0.74	 i = l
13.83	2.23	4.26	1.38	0.32	0.96	0.32	0.21	7.45	59.26	7.34	1.6	0.85	 j = o
1.22	0.32	0.7	0.09	0.18	0.34	0.41	0.07	1.5	0.7	93.02	1.4	0.05	 k = 0
7.36	0.68	3.41	0.27	0.82	2.72	2.18	0.41	9.26	1.77	9.95	60.76	0.41	 l = s
8.77	3.16	6.67	0.0	0.0	1.75	0.7	0.7	9.12	12.98	0.7	1.75	53.68	 m = u
