Timestamp:2014-12-07-10:51:53
Inventario:I1
Intervalo:15ms
Ngramas:1
Clasificador:NaiveBayes
Relation Name:  I1-15ms-1gramas
Num Instances:  12189
Num Attributes: 11

     Name                      Type  Nom  Int Real     Missing      Unique  Dist
   1 0Int(dB)                   Num   0%  10%  90%     0 /  0%    10 /  0%   768 
   2 0Pitch(Hz)                 Num   0%  50%  50%     0 /  0%   941 /  8%  2715 
   3 0RawPitch                  Num   0%  53%  47%     0 /  0%   979 /  8%  2609 
   4 0SmPitch                   Num   0%  51%  49%     0 /  0%   957 /  8%  2691 
   5 0Melogram(st)              Num   0%  46%  54%     0 /  0%   838 /  7%  2574 
   6 0ZCross                    Num   0% 100%   0%     0 /  0%    10 /  0%    40 
   7 0F1(Hz)                    Num   0%  50%  50%     0 /  0%  2281 / 19%  3977 
   8 0F2(Hz)                    Num   0%  50%  50%     0 /  0%  3848 / 32%  5158 
   9 0F3(Hz)                    Num   0%  50%  50%     0 /  0%  3419 / 28%  4850 
  10 0F4(Hz)                    Num   0%  50%  50%     0 /  0%  3319 / 27%  4764 
  11 class                      Nom 100%   0%   0%     0 /  0%     0 /  0%    13 


Naive Bayes Classifier

                    Class
Attribute               a         b         e         d         f         i         k         j         l         o         0         s         u
                   (0.16)    (0.03)    (0.08)    (0.01)    (0.01)    (0.04)    (0.02)    (0.01)     (0.1)    (0.08)    (0.36)    (0.06)    (0.02)
==================================================================================================================================================
0Int(dB)
  mean             -4.6544  -12.4692   -5.5049   -8.3797  -14.3263   -9.1576  -24.1574  -11.2999   -12.944   -8.3852  -50.5565  -20.8081   -5.5692
  std. dev.         9.8223    10.584    8.2833    6.9795    8.9225    8.3719    9.7036    7.9816   10.4277   12.0282   13.7487    7.1395    7.6498
  weight sum          1989       399       971       182       177       503       237       138      1216       940      4418       734       285
  precision         0.1005    0.1005    0.1005    0.1005    0.1005    0.1005    0.1005    0.1005    0.1005    0.1005    0.1005    0.1005    0.1005

0Pitch(Hz)
  mean             214.311  169.0755  189.9846  193.7345   145.764  175.8084   81.2941  193.2924  164.0239  180.3637    9.3549    72.049  231.3108
  std. dev.       106.3793  105.9927   87.3032   88.2964  105.9069   73.8088  112.1046  112.2145   99.0431  102.9621   43.0244  100.6337   84.4017
  weight sum          1989       399       971       182       177       503       237       138      1216       940      4418       734       285
  precision         0.1828    0.1828    0.1828    0.1828    0.1828    0.1828    0.1828    0.1828    0.1828    0.1828    0.1828    0.1828    0.1828

0RawPitch
  mean            204.6048   155.219  186.8578  188.6822  119.8712  168.3408   54.0652  163.1869  150.4952  174.1912    7.3655   50.0984  222.5963
  std. dev.       110.9966  111.9695   91.2535   95.9007  101.1981   79.5481   95.1492  113.8058  105.2885  108.1025   36.8692   87.9211   90.9444
  weight sum          1989       399       971       182       177       503       237       138      1216       940      4418       734       285
  precision           0.19      0.19      0.19      0.19      0.19      0.19      0.19      0.19      0.19      0.19      0.19      0.19      0.19

0SmPitch
  mean            212.5582  164.9116  188.6266  192.9144  135.2172  174.1996   69.0467  174.2298  158.9159  178.2642    8.0608   64.6148  230.9021
  std. dev.       107.6671  109.5012   88.6539   89.8451  102.9917   75.9109  106.8168  123.5109  101.6767  104.6347   38.1376   96.5376   84.0603
  weight sum          1989       399       971       182       177       503       237       138      1216       940      4418       734       285
  precision         0.1841    0.1841    0.1841    0.1841    0.1841    0.1841    0.1841    0.1841    0.1841    0.1841    0.1841    0.1841    0.1841

0Melogram(st)
  mean             51.7631   44.2448   50.9897   51.2049   40.8426    49.433   20.3758   38.6135   43.6284   47.3663    3.0752   20.9705   54.7393
  std. dev.         15.996   22.4965   14.4101    14.175   23.1702   14.7392   27.2261   26.9882   22.2052   19.6193     12.67   26.5014   13.2895
  weight sum          1989       399       971       182       177       503       237       138      1216       940      4418       734       285
  precision         0.0321    0.0321    0.0321    0.0321    0.0321    0.0321    0.0321    0.0321    0.0321    0.0321    0.0321    0.0321    0.0321

0ZCross
  mean              6.6459    2.3765    4.8701    3.7378    2.1179    3.5072    2.0097    4.1146      2.42    4.0889    0.1006    3.6457    3.8532
  std. dev.         4.4895    2.1579    2.9907    2.1488    2.1208    3.0758    3.8238    3.1341    2.0459     2.998    0.6799    6.8152    2.8492
  weight sum          1989       399       971       182       177       503       237       138      1216       940      4418       734       285
  precision         1.1026    1.1026    1.1026    1.1026    1.1026    1.1026    1.1026    1.1026    1.1026    1.1026    1.1026    1.1026    1.1026

0F1(Hz)
  mean            680.2157  391.9946  469.1052  501.1355  420.1259  370.0223  149.0756  512.7342  419.6976  487.7924   34.4738  230.8844  504.5577
  std. dev.       263.0262  227.7233  136.7924  166.0339  268.8685  133.9826  241.1664  254.1979  227.0331   218.941  138.1181  288.0245   299.786
  weight sum          1989       399       971       182       177       503       237       138      1216       940      4418       734       285
  precision          0.438     0.438     0.438     0.438     0.438     0.438     0.438     0.438     0.438     0.438     0.438     0.438     0.438

0F2(Hz)
  mean           1457.3331 1374.8709 1803.6497 1443.3798 1256.0162 2010.9745  492.3714 1597.3744 1366.5428 1164.8777  104.1463   752.285 1075.9553
  std. dev.       439.9568  707.8796  490.0179  376.3503  726.8151  600.2718  805.2505  696.4687  682.2074   526.346  412.9313  896.0285   411.661
  weight sum          1989       399       971       182       177       503       237       138      1216       940      4418       734       285
  precision         0.5776    0.5776    0.5776    0.5776    0.5776    0.5776    0.5776    0.5776    0.5776    0.5776    0.5776    0.5776    0.5776

0F3(Hz)
  mean            2676.475 2325.0319 2651.8402 2787.5447 2156.9356 2714.2403  831.7238 2576.0221  2351.715 2529.7403  180.9432 1261.1104 2728.7599
  std. dev.       781.3816 1133.6314  731.0473  632.9234 1243.2456  831.8369 1309.4045 1097.9216 1143.7696  990.6689  703.1963 1486.1393   731.591
  weight sum          1989       399       971       182       177       503       237       138      1216       940      4418       734       285
  precision         0.8494    0.8494    0.8494    0.8494    0.8494    0.8494    0.8494    0.8494    0.8494    0.8494    0.8494    0.8494    0.8494

0F4(Hz)
  mean            3105.401 2772.6162 3206.8695 3262.7057 2560.0986 3233.1412  980.7342 2839.3045 2707.7342 2916.3463  217.2031 1430.7891 3100.5588
  std. dev.       892.4908 1317.5612  845.6004  714.9786 1438.2149  946.7373 1549.9003 1192.4973 1299.2549 1123.3047  842.5038 1682.7208  725.9921
  weight sum          1989       399       971       182       177       503       237       138      1216       940      4418       734       285
  precision         0.8707    0.8707    0.8707    0.8707    0.8707    0.8707    0.8707    0.8707    0.8707    0.8707    0.8707    0.8707    0.8707





=== Stratified cross-validation ===

Correctly Classified Instances        6630               54.3933 %
Incorrectly Classified Instances      5559               45.6067 %
Kappa statistic                          0.425 
K&B Relative Info Score             491960.5828 %
K&B Information Score                14522.6315 bits      1.1915 bits/instance
Class complexity | order 0           35958.643  bits      2.9501 bits/instance
Class complexity | scheme            84277.635  bits      6.9142 bits/instance
Complexity improvement     (Sf)     -48318.992  bits     -3.9641 bits/instance
Mean absolute error                      0.0766
Root mean squared error                  0.2216
Relative absolute error                 61.3223 %
Root relative squared error             88.6925 %
Coverage of cases (0.95 level)          77.6766 %
Mean rel. region size (0.95 level)      25.9686 %
Total Number of Instances            12189     


=== Detailed Accuracy By Class ===

                 TP Rate  FP Rate  Precision  Recall   F-Measure  MCC      ROC Area  PRC Area  Class
                 0,609    0,082    0,592      0,609    0,601      0,521    0,877     0,604     a
                 0,000    0,000    0,000      0,000    0,000      -0,002   0,731     0,062     b
                 0,718    0,206    0,232      0,718    0,351      0,322    0,863     0,405     e
                 0,033    0,008    0,058      0,033    0,042      0,033    0,799     0,043     d
                 0,000    0,000    0,000      0,000    0,000      0,000    0,732     0,030     f
                 0,352    0,034    0,308      0,352    0,328      0,298    0,876     0,340     i
                 0,101    0,011    0,151      0,101    0,121      0,109    0,809     0,087     k
                 0,014    0,000    0,333      0,014    0,028      0,068    0,758     0,087     j
                 0,095    0,047    0,182      0,095    0,125      0,065    0,750     0,190     l
                 0,006    0,000    0,545      0,006    0,013      0,053    0,776     0,218     o
                 0,934    0,117    0,819      0,934    0,873      0,797    0,971     0,965     0
                 0,229    0,020    0,421      0,229    0,297      0,279    0,838     0,323     s
                 0,337    0,010    0,455      0,337    0,387      0,379    0,868     0,327     u
Weighted Avg.    0,544    0,080    0,529      0,544    0,500      0,452    0,876     0,563     


=== Confusion Matrix ===

    a    b    c    d    e    f    g    h    i    j    k    l    m   <-- classified as
 1211    0  485   19    0   29   16    1   98    3   96   25    6 |    a = a
   46    0  153    8    0   61   10    0   34    0   56   15   16 |    b = b
  138    2  697    0    0   48   11    0   25    0   33   16    1 |    c = e
   35    0  104    6    0    6    0    0   19    0    6    3    3 |    d = d
   17    0   67    5    0   19    7    0   19    0   33    9    1 |    e = f
   34    0  238    0    0  177    9    0   13    0   19   13    0 |    f = i
   10    0   17    1    0    8   24    2   21    0  115   36    3 |    g = k
   33    0   50    0    0   10    2    2   21    2   14    4    0 |    h = j
  160    0  558   22    0  104   37    0  116    0  167   39   13 |    i = l
  196    0  420   26    0   13    8    0   93    6   94   20   64 |    j = o
   43    0   68    6    0   42    7    0   74    0 4127   47    4 |    k = 0
   63    0   67    4    0   49   20    1   82    0  276  168    4 |    l = s
   58    0   79    6    0    9    8    0   22    0    3    4   96 |    m = u

=== Percent Confusion Matrix ===
a	b	c	d	e	f	g	h	i	j	k	l	m	
60.88	0.0	24.38	0.96	0.0	1.46	0.8	0.05	4.93	0.15	4.83	1.26	0.3	 a = a
11.53	0.0	38.35	2.01	0.0	15.29	2.51	0.0	8.52	0.0	14.04	3.76	4.01	 b = b
14.21	0.21	71.78	0.0	0.0	4.94	1.13	0.0	2.57	0.0	3.4	1.65	0.1	 c = e
19.23	0.0	57.14	3.3	0.0	3.3	0.0	0.0	10.44	0.0	3.3	1.65	1.65	 d = d
9.6	0.0	37.85	2.82	0.0	10.73	3.95	0.0	10.73	0.0	18.64	5.08	0.56	 e = f
6.76	0.0	47.32	0.0	0.0	35.19	1.79	0.0	2.58	0.0	3.78	2.58	0.0	 f = i
4.22	0.0	7.17	0.42	0.0	3.38	10.13	0.84	8.86	0.0	48.52	15.19	1.27	 g = k
23.91	0.0	36.23	0.0	0.0	7.25	1.45	1.45	15.22	1.45	10.14	2.9	0.0	 h = j
13.16	0.0	45.89	1.81	0.0	8.55	3.04	0.0	9.54	0.0	13.73	3.21	1.07	 i = l
20.85	0.0	44.68	2.77	0.0	1.38	0.85	0.0	9.89	0.64	10.0	2.13	6.81	 j = o
0.97	0.0	1.54	0.14	0.0	0.95	0.16	0.0	1.67	0.0	93.41	1.06	0.09	 k = 0
8.58	0.0	9.13	0.54	0.0	6.68	2.72	0.14	11.17	0.0	37.6	22.89	0.54	 l = s
20.35	0.0	27.72	2.11	0.0	3.16	2.81	0.0	7.72	0.0	1.05	1.4	33.68	 m = u
