Timestamp:2013-07-22-21:20:18
Inventario:I1
Intervalo:10ms
Ngramas:4
Clasificador:RandomForest
Relation Name:  I1-10ms-4gramas
Num Instances:  18293
Num Attributes: 41

     Name                      Type  Nom  Int Real     Missing      Unique  Dist
   1 0Int(dB)                   Num   0%  10%  90%     0 /  0%     7 /  0%   772 
   2 0Pitch(Hz)                 Num   0%  51%  49%     0 /  0%   816 /  4%  3063 
   3 0RawPitch                  Num   0%  54%  46%     0 /  0%   853 /  5%  2955 
   4 0SmPitch                   Num   0%  52%  48%     0 /  0%   827 /  5%  3024 
   5 0Melogram(st)              Num   0%  47%  53%     0 /  0%   581 /  3%  2807 
   6 0ZCross                    Num   0% 100%   0%     0 /  0%    10 /  0%    42 
   7 0F1(Hz)                    Num   0%  51%  49%     0 /  0%  2131 / 12%  4724 
   8 0F2(Hz)                    Num   0%  51%  49%     0 /  0%  4210 / 23%  6615 
   9 0F3(Hz)                    Num   0%  51%  49%     0 /  0%  3688 / 20%  6145 
  10 0F4(Hz)                    Num   0%  51%  49%     0 /  0%  3689 / 20%  6054 
  11 1Int(dB)                   Num   0%  10%  90%     0 /  0%     7 /  0%   772 
  12 1Pitch(Hz)                 Num   0%  51%  49%     0 /  0%   816 /  4%  3063 
  13 1RawPitch                  Num   0%  54%  46%     0 /  0%   853 /  5%  2955 
  14 1SmPitch                   Num   0%  52%  48%     0 /  0%   827 /  5%  3024 
  15 1Melogram(st)              Num   0%  47%  53%     0 /  0%   581 /  3%  2807 
  16 1ZCross                    Num   0% 100%   0%     0 /  0%    10 /  0%    42 
  17 1F1(Hz)                    Num   0%  51%  49%     0 /  0%  2131 / 12%  4724 
  18 1F2(Hz)                    Num   0%  51%  49%     0 /  0%  4210 / 23%  6615 
  19 1F3(Hz)                    Num   0%  51%  49%     0 /  0%  3688 / 20%  6145 
  20 1F4(Hz)                    Num   0%  51%  49%     0 /  0%  3689 / 20%  6054 
  21 2Int(dB)                   Num   0%  10%  90%     0 /  0%     7 /  0%   772 
  22 2Pitch(Hz)                 Num   0%  51%  49%     0 /  0%   816 /  4%  3063 
  23 2RawPitch                  Num   0%  54%  46%     0 /  0%   853 /  5%  2955 
  24 2SmPitch                   Num   0%  52%  48%     0 /  0%   827 /  5%  3024 
  25 2Melogram(st)              Num   0%  47%  53%     0 /  0%   581 /  3%  2807 
  26 2ZCross                    Num   0% 100%   0%     0 /  0%    10 /  0%    42 
  27 2F1(Hz)                    Num   0%  51%  49%     0 /  0%  2131 / 12%  4724 
  28 2F2(Hz)                    Num   0%  51%  49%     0 /  0%  4210 / 23%  6615 
  29 2F3(Hz)                    Num   0%  51%  49%     0 /  0%  3688 / 20%  6145 
  30 2F4(Hz)                    Num   0%  51%  49%     0 /  0%  3689 / 20%  6054 
  31 3Int(dB)                   Num   0%  10%  90%     0 /  0%     7 /  0%   772 
  32 3Pitch(Hz)                 Num   0%  51%  49%     0 /  0%   817 /  4%  3064 
  33 3RawPitch                  Num   0%  54%  46%     0 /  0%   854 /  5%  2956 
  34 3SmPitch                   Num   0%  52%  48%     0 /  0%   828 /  5%  3025 
  35 3Melogram(st)              Num   0%  47%  53%     0 /  0%   582 /  3%  2808 
  36 3ZCross                    Num   0% 100%   0%     0 /  0%    10 /  0%    42 
  37 3F1(Hz)                    Num   0%  51%  49%     0 /  0%  2131 / 12%  4724 
  38 3F2(Hz)                    Num   0%  51%  49%     0 /  0%  4210 / 23%  6615 
  39 3F3(Hz)                    Num   0%  51%  49%     0 /  0%  3688 / 20%  6145 
  40 3F4(Hz)                    Num   0%  51%  49%     0 /  0%  3689 / 20%  6054 
  41 class                      Nom 100%   0%   0%     0 /  0%     0 /  0%    13 


Options: -I 10 -K 0 -S 1 -num-slots 4 

Random forest of 10 trees, each constructed while considering 6 random features.
Out of bag error: 0.2981





=== Stratified cross-validation ===

Correctly Classified Instances       14022               76.6523 %
Incorrectly Classified Instances      4271               23.3477 %
Kappa statistic                          0.7085
K&B Relative Info Score            1226609.2062 %
K&B Information Score                35977.514  bits      1.9667 bits/instance
Class complexity | order 0           53631.5533 bits      2.9318 bits/instance
Class complexity | scheme          1110259.2985 bits     60.6931 bits/instance
Complexity improvement     (Sf)    -1056627.7452 bits    -57.7613 bits/instance
Mean absolute error                      0.0544
Root mean squared error                  0.1617
Relative absolute error                 43.7796 %
Root relative squared error             64.8814 %
Coverage of cases (0.95 level)          94.4186 %
Mean rel. region size (0.95 level)      22.627  %
Total Number of Instances            18293     


=== Detailed Accuracy By Class ===

                 TP Rate  FP Rate  Precision  Recall   F-Measure  MCC      ROC Area  PRC Area  Class
                 0,857    0,055    0,749      0,857    0,800      0,761    0,956     0,876     a
                 0,513    0,012    0,592      0,513    0,550      0,538    0,883     0,505     b
                 0,742    0,032    0,661      0,742    0,699      0,673    0,952     0,743     e
                 0,420    0,003    0,646      0,420    0,509      0,515    0,928     0,505     d
                 0,299    0,003    0,561      0,299    0,390      0,404    0,865     0,322     f
                 0,722    0,012    0,712      0,722    0,717      0,705    0,951     0,748     i
                 0,292    0,009    0,402      0,292    0,339      0,332    0,824     0,259     k
                 0,394    0,002    0,707      0,394    0,506      0,524    0,880     0,483     j
                 0,605    0,046    0,590      0,605    0,597      0,553    0,902     0,594     l
                 0,664    0,020    0,731      0,664    0,696      0,673    0,923     0,713     o
                 0,920    0,059    0,902      0,920    0,911      0,857    0,974     0,957     0
                 0,635    0,019    0,682      0,635    0,658      0,637    0,933     0,678     s
                 0,643    0,003    0,847      0,643    0,731      0,733    0,959     0,760     u
Weighted Avg.    0,767    0,042    0,762      0,767    0,761      0,725    0,945     0,794     


=== Confusion Matrix ===

    a    b    c    d    e    f    g    h    i    j    k    l    m   <-- classified as
 2519   13   82    7    4   13   17    6  117   47   81   33    1 |    a = a
   52  305   37    2    2   21   15    1   61   20   53   13   12 |    b = b
  116   20 1067    9    3   40   12    4   83   30   33   20    1 |    c = e
   35    4   28  115    0    1    0    0   44   36    5    4    2 |    d = d
   32   10   28    3   78    6    5    4   39   13   10   31    2 |    e = f
   20   17   79    0    3  540    4    0   34    4   25   18    4 |    f = i
   42   10   12    0    3   10  105    2   48    8   81   34    4 |    g = k
   41    2   31    1    7    6    3   82    8    6    6   14    1 |    h = j
  198   31  112   16    8   47   36    1 1081   65  137   51    5 |    i = l
  120   36   45   17    6    7   14    3   77  915  111   15   11 |    j = o
  100   35   47    2   10   32   23    6  142   57 6252   85    4 |    k = 0
   67   15   30    3   13   25   25    2   70   12  133  691    2 |    l = s
   19   17   16    3    2   10    2    5   28   39    6    4  272 |    m = u

=== Percent Confusion Matrix ===
a	b	c	d	e	f	g	h	i	j	k	l	m	
85.68	0.44	2.79	0.24	0.14	0.44	0.58	0.2	3.98	1.6	2.76	1.12	0.03	 a = a
8.75	51.35	6.23	0.34	0.34	3.54	2.53	0.17	10.27	3.37	8.92	2.19	2.02	 b = b
8.07	1.39	74.2	0.63	0.21	2.78	0.83	0.28	5.77	2.09	2.29	1.39	0.07	 c = e
12.77	1.46	10.22	41.97	0.0	0.36	0.0	0.0	16.06	13.14	1.82	1.46	0.73	 d = d
12.26	3.83	10.73	1.15	29.89	2.3	1.92	1.53	14.94	4.98	3.83	11.88	0.77	 e = f
2.67	2.27	10.56	0.0	0.4	72.19	0.53	0.0	4.55	0.53	3.34	2.41	0.53	 f = i
11.7	2.79	3.34	0.0	0.84	2.79	29.25	0.56	13.37	2.23	22.56	9.47	1.11	 g = k
19.71	0.96	14.9	0.48	3.37	2.88	1.44	39.42	3.85	2.88	2.88	6.73	0.48	 h = j
11.07	1.73	6.26	0.89	0.45	2.63	2.01	0.06	60.46	3.64	7.66	2.85	0.28	 i = l
8.71	2.61	3.27	1.23	0.44	0.51	1.02	0.22	5.59	66.45	8.06	1.09	0.8	 j = o
1.47	0.52	0.69	0.03	0.15	0.47	0.34	0.09	2.09	0.84	92.01	1.25	0.06	 k = 0
6.16	1.38	2.76	0.28	1.19	2.3	2.3	0.18	6.43	1.1	12.22	63.51	0.18	 l = s
4.49	4.02	3.78	0.71	0.47	2.36	0.47	1.18	6.62	9.22	1.42	0.95	64.3	 m = u
