Timestamp:2013-07-22-20:56:51
Inventario:I1
Intervalo:1ms
Ngramas:4
Clasificador:RandomForest
Relation Name:  I1-1ms-4gramas
Num Instances:  183401
Num Attributes: 41

     Name                      Type  Nom  Int Real     Missing      Unique  Dist
   1 0Int(dB)                   Num   0%   9%  91%     0 /  0%     2 /  0%   779 
   2 0Pitch(Hz)                 Num   0%  51%  49%     0 /  0%   256 /  0%  4213 
   3 0RawPitch                  Num   0%  55%  45%     0 /  0%   417 /  0%  4119 
   4 0SmPitch                   Num   0%  53%  47%     0 /  0%   263 /  0%  4193 
   5 0Melogram(st)              Num   0%  49%  51%     0 /  0%   133 /  0%  3454 
   6 0ZCross                    Num   0% 100%   0%     0 /  0%     4 /  0%    58 
   7 0F1(Hz)                    Num   0%  52%  48%     0 /  0%  1154 /  1%  4824 
   8 0F2(Hz)                    Num   0%  52%  48%     0 /  0%  2223 /  1%  6697 
   9 0F3(Hz)                    Num   0%  53%  47%     0 /  0%  1930 /  1%  6200 
  10 0F4(Hz)                    Num   0%  52%  48%     0 /  0%  1933 /  1%  6096 
  11 1Int(dB)                   Num   0%   9%  91%     0 /  0%     3 /  0%   780 
  12 1Pitch(Hz)                 Num   0%  51%  49%     0 /  0%   256 /  0%  4213 
  13 1RawPitch                  Num   0%  55%  45%     0 /  0%   417 /  0%  4119 
  14 1SmPitch                   Num   0%  53%  47%     0 /  0%   263 /  0%  4193 
  15 1Melogram(st)              Num   0%  49%  51%     0 /  0%   133 /  0%  3454 
  16 1ZCross                    Num   0% 100%   0%     0 /  0%     4 /  0%    58 
  17 1F1(Hz)                    Num   0%  52%  48%     0 /  0%  1154 /  1%  4824 
  18 1F2(Hz)                    Num   0%  52%  48%     0 /  0%  2223 /  1%  6697 
  19 1F3(Hz)                    Num   0%  53%  47%     0 /  0%  1930 /  1%  6200 
  20 1F4(Hz)                    Num   0%  52%  48%     0 /  0%  1933 /  1%  6096 
  21 2Int(dB)                   Num   0%   9%  91%     0 /  0%     4 /  0%   781 
  22 2Pitch(Hz)                 Num   0%  51%  49%     0 /  0%   256 /  0%  4213 
  23 2RawPitch                  Num   0%  55%  45%     0 /  0%   417 /  0%  4119 
  24 2SmPitch                   Num   0%  53%  47%     0 /  0%   263 /  0%  4193 
  25 2Melogram(st)              Num   0%  49%  51%     0 /  0%   133 /  0%  3454 
  26 2ZCross                    Num   0% 100%   0%     0 /  0%     4 /  0%    58 
  27 2F1(Hz)                    Num   0%  52%  48%     0 /  0%  1154 /  1%  4824 
  28 2F2(Hz)                    Num   0%  52%  48%     0 /  0%  2223 /  1%  6697 
  29 2F3(Hz)                    Num   0%  53%  47%     0 /  0%  1930 /  1%  6200 
  30 2F4(Hz)                    Num   0%  52%  48%     0 /  0%  1933 /  1%  6096 
  31 3Int(dB)                   Num   0%   9%  91%     0 /  0%     3 /  0%   781 
  32 3Pitch(Hz)                 Num   0%  51%  49%     0 /  0%   256 /  0%  4213 
  33 3RawPitch                  Num   0%  55%  45%     0 /  0%   417 /  0%  4119 
  34 3SmPitch                   Num   0%  53%  47%     0 /  0%   263 /  0%  4193 
  35 3Melogram(st)              Num   0%  49%  51%     0 /  0%   133 /  0%  3454 
  36 3ZCross                    Num   0% 100%   0%     0 /  0%     4 /  0%    58 
  37 3F1(Hz)                    Num   0%  52%  48%     0 /  0%  1154 /  1%  4824 
  38 3F2(Hz)                    Num   0%  52%  48%     0 /  0%  2223 /  1%  6697 
  39 3F3(Hz)                    Num   0%  53%  47%     0 /  0%  1930 /  1%  6200 
  40 3F4(Hz)                    Num   0%  52%  48%     0 /  0%  1933 /  1%  6096 
  41 class                      Nom 100%   0%   0%     0 /  0%     0 /  0%    13 


Options: -I 10 -K 0 -S 1 -num-slots 4 

Random forest of 10 trees, each constructed while considering 6 random features.
Out of bag error: 0.1292





=== Stratified cross-validation ===

Correctly Classified Instances      164860               89.8905 %
Incorrectly Classified Instances     18541               10.1095 %
Kappa statistic                          0.872 
K&B Relative Info Score            15723004.7794 %
K&B Information Score               452893.5133 bits      2.4694 bits/instance
Class complexity | order 0          528256.6685 bits      2.8803 bits/instance
Class complexity | scheme          8011997.506  bits     43.6857 bits/instance
Complexity improvement     (Sf)    -7483740.8375 bits    -40.8053 bits/instance
Mean absolute error                      0.0226
Root mean squared error                  0.1075
Relative absolute error                 18.4781 %
Root relative squared error             43.4916 %
Coverage of cases (0.95 level)          95.9073 %
Mean rel. region size (0.95 level)      12.9319 %
Total Number of Instances           183401     


=== Detailed Accuracy By Class ===

                 TP Rate  FP Rate  Precision  Recall   F-Measure  MCC      ROC Area  PRC Area  Class
                 0,943    0,011    0,942      0,943    0,942      0,932    0,982     0,966     a
                 0,804    0,005    0,837      0,804    0,820      0,814    0,943     0,846     b
                 0,943    0,005    0,944      0,943    0,943      0,939    0,982     0,961     e
                 0,935    0,001    0,947      0,935    0,941      0,940    0,985     0,962     d
                 0,741    0,003    0,767      0,741    0,754      0,751    0,928     0,780     f
                 0,927    0,002    0,942      0,927    0,934      0,932    0,978     0,950     i
                 0,457    0,008    0,520      0,457    0,487      0,478    0,847     0,462     k
                 0,814    0,001    0,876      0,814    0,844      0,843    0,937     0,849     j
                 0,829    0,015    0,856      0,829    0,842      0,826    0,957     0,890     l
                 0,877    0,005    0,927      0,877    0,901      0,894    0,958     0,912     o
                 0,946    0,057    0,916      0,946    0,931      0,885    0,984     0,968     0
                 0,747    0,015    0,749      0,747    0,748      0,733    0,949     0,799     s
                 0,960    0,000    0,980      0,960    0,970      0,969    0,992     0,981     u
Weighted Avg.    0,899    0,027    0,898      0,899    0,898      0,875    0,972     0,928     


=== Confusion Matrix ===

     a     b     c     d     e     f     g     h     i     j     k     l     m   <-- classified as
 26921    82    59    16    30    25   126    15   272    49   770   187     5 |     a = a
   123  4673    54     5    37    41   108     9   157    47   428   120    12 |     b = b
    62    65 12950    14    18    23    63     9   144    30   285    74     3 |     c = e
    26     8    22  2507     6     3     3     0    27    27    28    23     2 |     d = d
    47    33    25     2  1897    11    41    13    60    33   115   281     3 |     e = f
    48    27    32     2    11  6569    33     3    80    11   210    54     3 |     f = i
   123    86    63     6    43    16  1625    18   301    50   819   391    14 |     g = k
    23    13    22     0    17     5    36  1678    32     5    74   154     3 |     h = j
   365   141   156    21    55    70   298    22 14341   107  1298   406    12 |     i = l
    93    57    39    31    39    13    59    13   128 11600  1037   123     2 |     j = o
   516   267   207    21   110   147   442    57   819   454 68226   835    13 |     k = 0
   215   119    78    20   208    43   269    75   364    85  1184  7901     9 |     l = s
    14    13    13     1     1    11    20     3    33    10    40     6  3972 |     m = u

=== Percent Confusion Matrix ===
a	b	c	d	e	f	g	h	i	j	k	l	m	
94.27	0.29	0.21	0.06	0.11	0.09	0.44	0.05	0.95	0.17	2.7	0.65	0.02	 a = a
2.12	80.37	0.93	0.09	0.64	0.71	1.86	0.15	2.7	0.81	7.36	2.06	0.21	 b = b
0.45	0.47	94.25	0.1	0.13	0.17	0.46	0.07	1.05	0.22	2.07	0.54	0.02	 c = e
0.97	0.3	0.82	93.48	0.22	0.11	0.11	0.0	1.01	1.01	1.04	0.86	0.07	 d = d
1.84	1.29	0.98	0.08	74.07	0.43	1.6	0.51	2.34	1.29	4.49	10.97	0.12	 e = f
0.68	0.38	0.45	0.03	0.16	92.74	0.47	0.04	1.13	0.16	2.96	0.76	0.04	 f = i
3.46	2.42	1.77	0.17	1.21	0.45	45.71	0.51	8.47	1.41	23.04	11.0	0.39	 g = k
1.12	0.63	1.07	0.0	0.82	0.24	1.75	81.38	1.55	0.24	3.59	7.47	0.15	 h = j
2.11	0.82	0.9	0.12	0.32	0.4	1.72	0.13	82.93	0.62	7.51	2.35	0.07	 i = l
0.7	0.43	0.29	0.23	0.29	0.1	0.45	0.1	0.97	87.65	7.84	0.93	0.02	 j = o
0.72	0.37	0.29	0.03	0.15	0.2	0.61	0.08	1.14	0.63	94.61	1.16	0.02	 k = 0
2.03	1.13	0.74	0.19	1.97	0.41	2.54	0.71	3.44	0.8	11.2	74.75	0.09	 l = s
0.34	0.31	0.31	0.02	0.02	0.27	0.48	0.07	0.8	0.24	0.97	0.15	96.01	 m = u
