Timestamp:2014-12-07-10:51:22
Inventario:I1
Intervalo:10ms
Ngramas:1
Clasificador:NaiveBayes
Relation Name:  I1-10ms-1gramas
Num Instances:  18296
Num Attributes: 11

     Name                      Type  Nom  Int Real     Missing      Unique  Dist
   1 0Int(dB)                   Num   0%  10%  90%     0 /  0%     7 /  0%   772 
   2 0Pitch(Hz)                 Num   0%  51%  49%     0 /  0%   817 /  4%  3064 
   3 0RawPitch                  Num   0%  54%  46%     0 /  0%   854 /  5%  2956 
   4 0SmPitch                   Num   0%  52%  48%     0 /  0%   828 /  5%  3025 
   5 0Melogram(st)              Num   0%  47%  53%     0 /  0%   582 /  3%  2808 
   6 0ZCross                    Num   0% 100%   0%     0 /  0%    10 /  0%    42 
   7 0F1(Hz)                    Num   0%  51%  49%     0 /  0%  2131 / 12%  4724 
   8 0F2(Hz)                    Num   0%  51%  49%     0 /  0%  4210 / 23%  6615 
   9 0F3(Hz)                    Num   0%  51%  49%     0 /  0%  3688 / 20%  6145 
  10 0F4(Hz)                    Num   0%  51%  49%     0 /  0%  3689 / 20%  6054 
  11 class                      Nom 100%   0%   0%     0 /  0%     0 /  0%    13 


Naive Bayes Classifier

                    Class
Attribute               a         b         e         d         f         i         k         j         l         o         0         s         u
                   (0.16)    (0.03)    (0.08)    (0.02)    (0.01)    (0.04)    (0.02)    (0.01)     (0.1)    (0.08)    (0.37)    (0.06)    (0.02)
==================================================================================================================================================
0Int(dB)
  mean             -4.4871  -12.4295   -5.4216   -8.4296  -14.8768   -9.1229   -23.807   -11.433  -12.9986   -8.3525  -49.8193  -20.8427   -5.5461
  std. dev.         9.7495   10.5978    8.2134    6.9616    8.5952    8.6417   10.1518    8.1091   10.5213   12.1594   14.6142    6.9618    7.9501
  weight sum          2940       594      1438       274       261       748       359       208      1788      1377      6798      1088       423
  precision         0.1005    0.1005    0.1005    0.1005    0.1005    0.1005    0.1005    0.1005    0.1005    0.1005    0.1005    0.1005    0.1005

0Pitch(Hz)
  mean            215.0265  166.0775  190.3918  195.1331  138.4937  173.2212   74.2804   189.521  160.7763  179.1301   11.8101   65.3303  230.9859
  std. dev.       106.7631  107.8218   87.4257   90.1576  106.1938   75.5653  107.7668  117.4738  101.2805   103.979   47.8952   98.1451   83.0165
  weight sum          2940       594      1438       274       261       748       359       208      1788      1377      6798      1088       423
  precision         0.1626    0.1626    0.1626    0.1626    0.1626    0.1626    0.1626    0.1626    0.1626    0.1626    0.1626    0.1626    0.1626

0RawPitch
  mean            204.5729  152.1597  186.9416  189.7645  114.3432  164.8509   52.3656  159.3212   147.628  172.8881    9.4583   41.3002  221.8351
  std. dev.       112.2304   112.921   92.1579   97.5291  102.4081   80.9322   95.3432  120.6807  106.4437  110.0663   41.8694   81.8762   90.5835
  weight sum          2940       594      1438       274       261       748       359       208      1788      1377      6798      1088       423
  precision         0.1679    0.1679    0.1679    0.1679    0.1679    0.1679    0.1679    0.1679    0.1679    0.1679    0.1679    0.1679    0.1679

0SmPitch
  mean            213.0261   161.354  188.8901  194.7762  131.3637   170.918   62.4555  173.1423  157.3569  177.1958    10.221    58.482  230.1655
  std. dev.       108.3889   110.475   88.8533   90.8856  103.6517   77.6434  104.0351  128.2142  102.8844  105.5718   43.0507   93.9293   83.5323
  weight sum          2940       594      1438       274       261       748       359       208      1788      1377      6798      1088       423
  precision         0.1647    0.1647    0.1647    0.1647    0.1647    0.1647    0.1647    0.1647    0.1647    0.1647    0.1647    0.1647    0.1647

0Melogram(st)
  mean             51.7443   43.3262    50.757   51.4874   39.8199   48.7629   19.2437   37.3835   43.1466   46.9889    3.6592   18.9536   54.7081
  std. dev.        16.1385   23.0622   14.7786    13.878   23.9008   15.7624   26.8969   27.4632   22.5915   20.0024   13.7149   25.9113      13.2
  weight sum          2940       594      1438       274       261       748       359       208      1788      1377      6798      1088       423
  precision         0.0294    0.0294    0.0294    0.0294    0.0294    0.0294    0.0294    0.0294    0.0294    0.0294    0.0294    0.0294    0.0294

0ZCross
  mean              6.8081    2.2589    4.8831    3.6374     1.892    3.3285    2.1785    4.0396    2.2904    4.0329    0.1407     3.745     3.713
  std. dev.         4.5857    2.0707    3.1607    2.2054    1.9842    3.1155    4.3479    3.2326    2.0063    2.9611    0.7913    7.1467    2.8728
  weight sum          2940       594      1438       274       261       748       359       208      1788      1377      6798      1088       423
  precision         1.2927    1.2927    1.2927    1.2927    1.2927    1.2927    1.2927    1.2927    1.2927    1.2927    1.2927    1.2927    1.2927

0F1(Hz)
  mean            684.8624  383.8168  467.7497  501.2874  399.7197  366.3373  142.4787  486.1043  413.7109  488.3137   40.0583  209.0603  499.4556
  std. dev.       260.7635  232.2972  137.6849  170.6693  273.4014  136.8258  238.7502   268.092  232.1978  220.1308  146.5136  281.8697   302.477
  weight sum          2940       594      1438       274       261       748       359       208      1788      1377      6798      1088       423
  precision         0.3688    0.3688    0.3688    0.3688    0.3688    0.3688    0.3688    0.3688    0.3688    0.3688    0.3688    0.3688    0.3688

0F2(Hz)
  mean             1462.31 1349.6905 1804.3312 1443.6267 1203.5318 1998.9223  455.5853 1528.4904 1344.3387 1157.6298  123.4513  679.9428 1072.0404
  std. dev.       430.5852  728.3086  496.1344  393.2262  754.0967  624.7892   774.158  755.9826  694.7635  525.4581  446.9262    878.69  424.8655
  weight sum          2940       594      1438       274       261       748       359       208      1788      1377      6798      1088       423
  precision         0.4504    0.4504    0.4504    0.4504    0.4504    0.4504    0.4504    0.4504    0.4504    0.4504    0.4504    0.4504    0.4504

0F3(Hz)
  mean           2687.7356 2268.8241 2653.2835 2791.7189 2069.2644 2693.2397  790.4307  2465.751 2319.5551 2526.8298  212.0061 1133.9016 2703.6172
  std. dev.       764.2898 1165.0514  742.6344  658.6982 1282.9054  863.6174 1294.5372  1196.626  1170.449  995.0347  754.1838 1449.5509  758.4179
  weight sum          2940       594      1438       274       261       748       359       208      1788      1377      6798      1088       423
  precision         0.6705    0.6705    0.6705    0.6705    0.6705    0.6705    0.6705    0.6705    0.6705    0.6705    0.6705    0.6705    0.6705

0F4(Hz)
  mean           3116.7672 2720.5333 3189.0151 3246.4091 2471.0333 3209.5559  925.0577 2715.8314  2669.269 2910.5036  255.9653 1303.1942 3086.4504
  std. dev.       872.2076 1363.5495  856.4692  742.7362 1495.7988  985.3806 1518.7625 1302.3612 1330.0138 1127.9374  908.2983 1663.3803  766.0819
  weight sum          2940       594      1438       274       261       748       359       208      1788      1377      6798      1088       423
  precision         0.6851    0.6851    0.6851    0.6851    0.6851    0.6851    0.6851    0.6851    0.6851    0.6851    0.6851    0.6851    0.6851





=== Stratified cross-validation ===

Correctly Classified Instances       10018               54.7551 %
Incorrectly Classified Instances      8278               45.2449 %
Kappa statistic                          0.4246
K&B Relative Info Score             738249.5622 %
K&B Information Score                21651.1609 bits      1.1834 bits/instance
Class complexity | order 0           53635.8387 bits      2.9316 bits/instance
Class complexity | scheme           119922.2079 bits      6.5546 bits/instance
Complexity improvement     (Sf)     -66286.3691 bits     -3.623  bits/instance
Mean absolute error                      0.0759
Root mean squared error                  0.2216
Relative absolute error                 61.1671 %
Root relative squared error             88.9599 %
Coverage of cases (0.95 level)          76.913  %
Mean rel. region size (0.95 level)      25.3036 %
Total Number of Instances            18296     


=== Detailed Accuracy By Class ===

                 TP Rate  FP Rate  Precision  Recall   F-Measure  MCC      ROC Area  PRC Area  Class
                 0,641    0,085    0,590      0,641    0,615      0,538    0,882     0,615     a
                 0,000    0,000    0,000      0,000    0,000      -0,003   0,732     0,062     b
                 0,719    0,203    0,232      0,719    0,351      0,324    0,866     0,398     e
                 0,033    0,006    0,076      0,033    0,046      0,040    0,802     0,046     d
                 0,000    0,000    0,000      0,000    0,000      0,000    0,737     0,031     f
                 0,294    0,029    0,304      0,294    0,299      0,270    0,869     0,324     i
                 0,058    0,009    0,114      0,058    0,077      0,068    0,819     0,080     k
                 0,010    0,000    0,333      0,010    0,019      0,055    0,747     0,080     j
                 0,098    0,048    0,182      0,098    0,128      0,067    0,752     0,186     l
                 0,005    0,001    0,304      0,005    0,010      0,031    0,780     0,219     o
                 0,922    0,127    0,811      0,922    0,863      0,777    0,965     0,960     0
                 0,239    0,019    0,438      0,239    0,309      0,293    0,861     0,347     s
                 0,322    0,009    0,464      0,322    0,380      0,374    0,869     0,353     u
Weighted Avg.    0,548    0,085    0,511      0,548    0,502      0,449    0,878     0,569     


=== Confusion Matrix ===

    a    b    c    d    e    f    g    h    i    j    k    l    m   <-- classified as
 1886    0  641   20    0   39   17    3  139    7  139   43    6 |    a = a
   76    0  235    9    0   70   14    0   58    0   95   13   24 |    b = b
  211    2 1034    1    0   58   18    0   38    1   52   21    2 |    c = e
   58    0  155    9    0   14    0    0   21    0   10    4    3 |    d = d
   28    0   97    4    0   22   10    0   30    0   55   11    4 |    e = f
   47    0  386    1    0  220   13    0   29    0   36   16    0 |    f = i
   13    2   21    1    0   10   21    0   43    1  185   57    5 |    g = k
   50    0   77    0    0   10    5    2   21    7   29    7    0 |    h = j
  260    0  814   20    0  131   37    1  176    0  268   64   17 |    i = l
  311    0  607   33    0   11   10    0  141    7  143   27   87 |    j = o
   85    0  160    9    0   66   15    0  126    0 6267   65    5 |    k = 0
   84    0   99    5    0   62   17    0  110    0  447  260    4 |    l = s
   86    0  128    7    0   10    8    0   36    0    6    6  136 |    m = u

=== Percent Confusion Matrix ===
a	b	c	d	e	f	g	h	i	j	k	l	m	
64.15	0.0	21.8	0.68	0.0	1.33	0.58	0.1	4.73	0.24	4.73	1.46	0.2	 a = a
12.79	0.0	39.56	1.52	0.0	11.78	2.36	0.0	9.76	0.0	15.99	2.19	4.04	 b = b
14.67	0.14	71.91	0.07	0.0	4.03	1.25	0.0	2.64	0.07	3.62	1.46	0.14	 c = e
21.17	0.0	56.57	3.28	0.0	5.11	0.0	0.0	7.66	0.0	3.65	1.46	1.09	 d = d
10.73	0.0	37.16	1.53	0.0	8.43	3.83	0.0	11.49	0.0	21.07	4.21	1.53	 e = f
6.28	0.0	51.6	0.13	0.0	29.41	1.74	0.0	3.88	0.0	4.81	2.14	0.0	 f = i
3.62	0.56	5.85	0.28	0.0	2.79	5.85	0.0	11.98	0.28	51.53	15.88	1.39	 g = k
24.04	0.0	37.02	0.0	0.0	4.81	2.4	0.96	10.1	3.37	13.94	3.37	0.0	 h = j
14.54	0.0	45.53	1.12	0.0	7.33	2.07	0.06	9.84	0.0	14.99	3.58	0.95	 i = l
22.59	0.0	44.08	2.4	0.0	0.8	0.73	0.0	10.24	0.51	10.38	1.96	6.32	 j = o
1.25	0.0	2.35	0.13	0.0	0.97	0.22	0.0	1.85	0.0	92.19	0.96	0.07	 k = 0
7.72	0.0	9.1	0.46	0.0	5.7	1.56	0.0	10.11	0.0	41.08	23.9	0.37	 l = s
20.33	0.0	30.26	1.65	0.0	2.36	1.89	0.0	8.51	0.0	1.42	1.42	32.15	 m = u
