Timestamp:2013-07-22-21:22:52
Inventario:I1
Intervalo:20ms
Ngramas:3
Clasificador:RandomForest
Relation Name:  I1-20ms-3gramas
Num Instances:  9127
Num Attributes: 31

     Name                      Type  Nom  Int Real     Missing      Unique  Dist
   1 0Int(dB)                   Num   0%  11%  89%     0 /  0%    14 /  0%   764 
   2 0Pitch(Hz)                 Num   0%  49%  51%     0 /  0%  1033 / 11%  2440 
   3 0RawPitch                  Num   0%  52%  48%     0 /  0%  1062 / 12%  2369 
   4 0SmPitch                   Num   0%  50%  50%     0 /  0%  1056 / 12%  2419 
   5 0Melogram(st)              Num   0%  45%  55%     0 /  0%   937 / 10%  2341 
   6 0ZCross                    Num   0% 100%   0%     0 /  0%     7 /  0%    34 
   7 0F1(Hz)                    Num   0%  49%  51%     0 /  0%  2180 / 24%  3398 
   8 0F2(Hz)                    Num   0%  49%  51%     0 /  0%  3463 / 38%  4259 
   9 0F3(Hz)                    Num   0%  49%  51%     0 /  0%  3209 / 35%  4087 
  10 0F4(Hz)                    Num   0%  49%  51%     0 /  0%  3134 / 34%  4027 
  11 1Int(dB)                   Num   0%  11%  89%     0 /  0%    14 /  0%   764 
  12 1Pitch(Hz)                 Num   0%  49%  51%     0 /  0%  1033 / 11%  2440 
  13 1RawPitch                  Num   0%  52%  48%     0 /  0%  1062 / 12%  2369 
  14 1SmPitch                   Num   0%  50%  50%     0 /  0%  1056 / 12%  2419 
  15 1Melogram(st)              Num   0%  45%  55%     0 /  0%   937 / 10%  2341 
  16 1ZCross                    Num   0% 100%   0%     0 /  0%     7 /  0%    34 
  17 1F1(Hz)                    Num   0%  49%  51%     0 /  0%  2180 / 24%  3398 
  18 1F2(Hz)                    Num   0%  49%  51%     0 /  0%  3463 / 38%  4259 
  19 1F3(Hz)                    Num   0%  49%  51%     0 /  0%  3209 / 35%  4087 
  20 1F4(Hz)                    Num   0%  49%  51%     0 /  0%  3134 / 34%  4027 
  21 2Int(dB)                   Num   0%  11%  89%     0 /  0%    14 /  0%   764 
  22 2Pitch(Hz)                 Num   0%  49%  51%     0 /  0%  1033 / 11%  2440 
  23 2RawPitch                  Num   0%  52%  48%     0 /  0%  1062 / 12%  2369 
  24 2SmPitch                   Num   0%  50%  50%     0 /  0%  1056 / 12%  2419 
  25 2Melogram(st)              Num   0%  45%  55%     0 /  0%   938 / 10%  2342 
  26 2ZCross                    Num   0% 100%   0%     0 /  0%     7 /  0%    34 
  27 2F1(Hz)                    Num   0%  49%  51%     0 /  0%  2180 / 24%  3398 
  28 2F2(Hz)                    Num   0%  49%  51%     0 /  0%  3463 / 38%  4259 
  29 2F3(Hz)                    Num   0%  49%  51%     0 /  0%  3209 / 35%  4087 
  30 2F4(Hz)                    Num   0%  49%  51%     0 /  0%  3134 / 34%  4027 
  31 class                      Nom 100%   0%   0%     0 /  0%     0 /  0%    13 


Options: -I 10 -K 0 -S 1 -num-slots 4 

Random forest of 10 trees, each constructed while considering 5 random features.
Out of bag error: 0.3785





=== Stratified cross-validation ===

Correctly Classified Instances        6205               67.9851 %
Incorrectly Classified Instances      2922               32.0149 %
Kappa statistic                          0.604 
K&B Relative Info Score             531535.9021 %
K&B Information Score                15808.8348 bits      1.7321 bits/instance
Class complexity | order 0           27125.0337 bits      2.972  bits/instance
Class complexity | scheme           825521.9152 bits     90.4483 bits/instance
Complexity improvement     (Sf)    -798396.8815 bits    -87.4764 bits/instance
Mean absolute error                      0.0645
Root mean squared error                  0.1814
Relative absolute error                 51.3811 %
Root relative squared error             72.389  %
Coverage of cases (0.95 level)          91.6621 %
Mean rel. region size (0.95 level)      24.9294 %
Total Number of Instances             9127     


=== Detailed Accuracy By Class ===

                 TP Rate  FP Rate  Precision  Recall   F-Measure  MCC      ROC Area  PRC Area  Class
                 0,787    0,081    0,656      0,787    0,715      0,657    0,929     0,807     a
                 0,328    0,017    0,402      0,328    0,361      0,343    0,810     0,276     b
                 0,633    0,048    0,540      0,633    0,583      0,544    0,914     0,590     e
                 0,138    0,004    0,358      0,138    0,199      0,215    0,812     0,172     d
                 0,080    0,005    0,204      0,080    0,115      0,119    0,794     0,120     f
                 0,571    0,018    0,580      0,571    0,576      0,557    0,913     0,568     i
                 0,215    0,011    0,289      0,215    0,247      0,236    0,763     0,193     k
                 0,229    0,002    0,532      0,229    0,321      0,344    0,818     0,239     j
                 0,446    0,064    0,435      0,446    0,440      0,378    0,840     0,385     l
                 0,532    0,033    0,576      0,532    0,553      0,518    0,879     0,551     o
                 0,919    0,057    0,899      0,919    0,909      0,858    0,975     0,954     0
                 0,514    0,024    0,579      0,514    0,544      0,518    0,902     0,556     s
                 0,436    0,006    0,651      0,436    0,522      0,523    0,908     0,562     u
Weighted Avg.    0,680    0,050    0,668      0,680    0,670      0,627    0,916     0,692     


=== Confusion Matrix ===

    a    b    c    d    e    f    g    h    i    j    k    l    m   <-- classified as
 1184   14   60    5    5   13   10    3   84   57   44   23    3 |    a = a
   35   98   21    2    4   24    2    0   48   18   29    7   11 |    b = b
   80   12  472    3    2   30    6    2   79   30   10   15    5 |    c = e
   31    7   18   19    0    3    0    1   31   21    1    4    2 |    d = d
   19    9   14    1   11    3    5    2   31   10    8   23    2 |    e = f
   12   19   61    0    2  220    2    2   43    2   14    7    1 |    f = i
   20    8    4    0    5    5   39    1   19    8   47   22    3 |    g = k
   32    4   16    2    1    6    1   25    5    3    1   11    2 |    h = j
  164   23   94   10    8   35   24    4  406   39   64   29   10 |    i = l
  111   17   45    8    0    6   11    2   57  379   53   14    9 |    j = o
   44   15   24    1    6   12   16    2   50   42 2974   46    3 |    k = 0
   54    7   29    1    8   18   15    2   62   12   60  283    0 |    l = s
   19   11   16    1    2    4    4    1   19   37    4    5   95 |    m = u

=== Percent Confusion Matrix ===
a	b	c	d	e	f	g	h	i	j	k	l	m	
78.67	0.93	3.99	0.33	0.33	0.86	0.66	0.2	5.58	3.79	2.92	1.53	0.2	 a = a
11.71	32.78	7.02	0.67	1.34	8.03	0.67	0.0	16.05	6.02	9.7	2.34	3.68	 b = b
10.72	1.61	63.27	0.4	0.27	4.02	0.8	0.27	10.59	4.02	1.34	2.01	0.67	 c = e
22.46	5.07	13.04	13.77	0.0	2.17	0.0	0.72	22.46	15.22	0.72	2.9	1.45	 d = d
13.77	6.52	10.14	0.72	7.97	2.17	3.62	1.45	22.46	7.25	5.8	16.67	1.45	 e = f
3.12	4.94	15.84	0.0	0.52	57.14	0.52	0.52	11.17	0.52	3.64	1.82	0.26	 f = i
11.05	4.42	2.21	0.0	2.76	2.76	21.55	0.55	10.5	4.42	25.97	12.15	1.66	 g = k
29.36	3.67	14.68	1.83	0.92	5.5	0.92	22.94	4.59	2.75	0.92	10.09	1.83	 h = j
18.02	2.53	10.33	1.1	0.88	3.85	2.64	0.44	44.62	4.29	7.03	3.19	1.1	 i = l
15.59	2.39	6.32	1.12	0.0	0.84	1.54	0.28	8.01	53.23	7.44	1.97	1.26	 j = o
1.36	0.46	0.74	0.03	0.19	0.37	0.49	0.06	1.55	1.3	91.93	1.42	0.09	 k = 0
9.8	1.27	5.26	0.18	1.45	3.27	2.72	0.36	11.25	2.18	10.89	51.36	0.0	 l = s
8.72	5.05	7.34	0.46	0.92	1.83	1.83	0.46	8.72	16.97	1.83	2.29	43.58	 m = u
