Timestamp:2013-07-22-21:23:05
Inventario:I1
Intervalo:20ms
Ngramas:4
Clasificador:RandomForest
Relation Name:  I1-20ms-4gramas
Num Instances:  9126
Num Attributes: 41

     Name                      Type  Nom  Int Real     Missing      Unique  Dist
   1 0Int(dB)                   Num   0%  11%  89%     0 /  0%    14 /  0%   764 
   2 0Pitch(Hz)                 Num   0%  49%  51%     0 /  0%  1033 / 11%  2440 
   3 0RawPitch                  Num   0%  52%  48%     0 /  0%  1062 / 12%  2369 
   4 0SmPitch                   Num   0%  50%  50%     0 /  0%  1056 / 12%  2419 
   5 0Melogram(st)              Num   0%  45%  55%     0 /  0%   937 / 10%  2341 
   6 0ZCross                    Num   0% 100%   0%     0 /  0%     7 /  0%    34 
   7 0F1(Hz)                    Num   0%  49%  51%     0 /  0%  2180 / 24%  3398 
   8 0F2(Hz)                    Num   0%  49%  51%     0 /  0%  3463 / 38%  4259 
   9 0F3(Hz)                    Num   0%  49%  51%     0 /  0%  3209 / 35%  4087 
  10 0F4(Hz)                    Num   0%  49%  51%     0 /  0%  3134 / 34%  4027 
  11 1Int(dB)                   Num   0%  11%  89%     0 /  0%    14 /  0%   764 
  12 1Pitch(Hz)                 Num   0%  49%  51%     0 /  0%  1033 / 11%  2440 
  13 1RawPitch                  Num   0%  52%  48%     0 /  0%  1062 / 12%  2369 
  14 1SmPitch                   Num   0%  50%  50%     0 /  0%  1056 / 12%  2419 
  15 1Melogram(st)              Num   0%  45%  55%     0 /  0%   937 / 10%  2341 
  16 1ZCross                    Num   0% 100%   0%     0 /  0%     7 /  0%    34 
  17 1F1(Hz)                    Num   0%  49%  51%     0 /  0%  2180 / 24%  3398 
  18 1F2(Hz)                    Num   0%  49%  51%     0 /  0%  3463 / 38%  4259 
  19 1F3(Hz)                    Num   0%  49%  51%     0 /  0%  3209 / 35%  4087 
  20 1F4(Hz)                    Num   0%  49%  51%     0 /  0%  3134 / 34%  4027 
  21 2Int(dB)                   Num   0%  11%  89%     0 /  0%    14 /  0%   764 
  22 2Pitch(Hz)                 Num   0%  49%  51%     0 /  0%  1033 / 11%  2440 
  23 2RawPitch                  Num   0%  52%  48%     0 /  0%  1062 / 12%  2369 
  24 2SmPitch                   Num   0%  50%  50%     0 /  0%  1056 / 12%  2419 
  25 2Melogram(st)              Num   0%  45%  55%     0 /  0%   937 / 10%  2341 
  26 2ZCross                    Num   0% 100%   0%     0 /  0%     7 /  0%    34 
  27 2F1(Hz)                    Num   0%  49%  51%     0 /  0%  2180 / 24%  3398 
  28 2F2(Hz)                    Num   0%  49%  51%     0 /  0%  3463 / 38%  4259 
  29 2F3(Hz)                    Num   0%  49%  51%     0 /  0%  3209 / 35%  4087 
  30 2F4(Hz)                    Num   0%  49%  51%     0 /  0%  3134 / 34%  4027 
  31 3Int(dB)                   Num   0%  11%  89%     0 /  0%    14 /  0%   764 
  32 3Pitch(Hz)                 Num   0%  49%  51%     0 /  0%  1033 / 11%  2440 
  33 3RawPitch                  Num   0%  52%  48%     0 /  0%  1062 / 12%  2369 
  34 3SmPitch                   Num   0%  50%  50%     0 /  0%  1056 / 12%  2419 
  35 3Melogram(st)              Num   0%  45%  55%     0 /  0%   938 / 10%  2342 
  36 3ZCross                    Num   0% 100%   0%     0 /  0%     7 /  0%    34 
  37 3F1(Hz)                    Num   0%  49%  51%     0 /  0%  2180 / 24%  3398 
  38 3F2(Hz)                    Num   0%  49%  51%     0 /  0%  3463 / 38%  4259 
  39 3F3(Hz)                    Num   0%  49%  51%     0 /  0%  3209 / 35%  4087 
  40 3F4(Hz)                    Num   0%  49%  51%     0 /  0%  3134 / 34%  4027 
  41 class                      Nom 100%   0%   0%     0 /  0%     0 /  0%    13 


Options: -I 10 -K 0 -S 1 -num-slots 4 

Random forest of 10 trees, each constructed while considering 6 random features.
Out of bag error: 0.3762





=== Stratified cross-validation ===

Correctly Classified Instances        6307               69.1102 %
Incorrectly Classified Instances      2819               30.8898 %
Kappa statistic                          0.6174
K&B Relative Info Score             533939.9947 %
K&B Information Score                15882.8584 bits      1.7404 bits/instance
Class complexity | order 0           27123.537  bits      2.9721 bits/instance
Class complexity | scheme           771901.4868 bits     84.5827 bits/instance
Complexity improvement     (Sf)    -744777.9498 bits    -81.6106 bits/instance
Mean absolute error                      0.0645
Root mean squared error                  0.1799
Relative absolute error                 51.3468 %
Root relative squared error             71.776  %
Coverage of cases (0.95 level)          92.2091 %
Mean rel. region size (0.95 level)      25.3839 %
Total Number of Instances             9126     


=== Detailed Accuracy By Class ===

                 TP Rate  FP Rate  Precision  Recall   F-Measure  MCC      ROC Area  PRC Area  Class
                 0,809    0,083    0,658      0,809    0,725      0,670    0,932     0,815     a
                 0,304    0,017    0,378      0,304    0,337      0,319    0,804     0,261     b
                 0,630    0,049    0,532      0,630    0,577      0,538    0,918     0,584     e
                 0,130    0,005    0,300      0,130    0,182      0,190    0,795     0,150     d
                 0,101    0,004    0,304      0,101    0,152      0,169    0,760     0,128     f
                 0,582    0,019    0,571      0,582    0,577      0,558    0,924     0,554     i
                 0,204    0,010    0,289      0,204    0,239      0,230    0,824     0,175     k
                 0,183    0,001    0,606      0,183    0,282      0,329    0,831     0,270     j
                 0,465    0,062    0,455      0,465    0,460      0,399    0,848     0,401     l
                 0,542    0,029    0,617      0,542    0,577      0,545    0,889     0,576     o
                 0,931    0,053    0,907      0,931    0,919      0,873    0,979     0,960     0
                 0,546    0,022    0,613      0,546    0,578      0,553    0,898     0,573     s
                 0,436    0,003    0,760      0,436    0,554      0,568    0,895     0,558     u
Weighted Avg.    0,691    0,048    0,681      0,691    0,680      0,641    0,920     0,698     


=== Confusion Matrix ===

    a    b    c    d    e    f    g    h    i    j    k    l    m   <-- classified as
 1217   12   56    5    4   16    6    3   77   39   41   27    2 |    a = a
   35   91   30    2    5   20    8    0   56   17   26    3    6 |    b = b
   75   22  470    3    0   34    8    4   74   34   10   12    0 |    c = e
   33    3   24   18    1    2    0    0   36   19    0    2    0 |    d = d
   23   13   16    1   14    6    4    0   24    8    7   21    1 |    e = f
   16   16   74    0    1  224    4    2   21    5   13    9    0 |    f = i
   20    5    7    0    3    8   37    0   33    6   39   21    2 |    g = k
   32    1   23    1    2    7    3   20    6    4    3    7    0 |    h = j
  154   25  102   14    7   33   16    0  423   33   66   34    3 |    i = l
  118   16   34   11    2    8    5    0   61  386   53   11    7 |    j = o
   52   11   14    0    4   16   18    1   39   23 3011   39    6 |    k = 0
   53   14   18    3    3   13   16    2   62   11   52  301    3 |    l = s
   22   12   15    2    0    5    3    1   18   41    0    4   95 |    m = u

=== Percent Confusion Matrix ===
a	b	c	d	e	f	g	h	i	j	k	l	m	
80.86	0.8	3.72	0.33	0.27	1.06	0.4	0.2	5.12	2.59	2.72	1.79	0.13	 a = a
11.71	30.43	10.03	0.67	1.67	6.69	2.68	0.0	18.73	5.69	8.7	1.0	2.01	 b = b
10.05	2.95	63.0	0.4	0.0	4.56	1.07	0.54	9.92	4.56	1.34	1.61	0.0	 c = e
23.91	2.17	17.39	13.04	0.72	1.45	0.0	0.0	26.09	13.77	0.0	1.45	0.0	 d = d
16.67	9.42	11.59	0.72	10.14	4.35	2.9	0.0	17.39	5.8	5.07	15.22	0.72	 e = f
4.16	4.16	19.22	0.0	0.26	58.18	1.04	0.52	5.45	1.3	3.38	2.34	0.0	 f = i
11.05	2.76	3.87	0.0	1.66	4.42	20.44	0.0	18.23	3.31	21.55	11.6	1.1	 g = k
29.36	0.92	21.1	0.92	1.83	6.42	2.75	18.35	5.5	3.67	2.75	6.42	0.0	 h = j
16.92	2.75	11.21	1.54	0.77	3.63	1.76	0.0	46.48	3.63	7.25	3.74	0.33	 i = l
16.57	2.25	4.78	1.54	0.28	1.12	0.7	0.0	8.57	54.21	7.44	1.54	0.98	 j = o
1.61	0.34	0.43	0.0	0.12	0.49	0.56	0.03	1.21	0.71	93.1	1.21	0.19	 k = 0
9.62	2.54	3.27	0.54	0.54	2.36	2.9	0.36	11.25	2.0	9.44	54.63	0.54	 l = s
10.09	5.5	6.88	0.92	0.0	2.29	1.38	0.46	8.26	18.81	0.0	1.83	43.58	 m = u
