Timestamp:2014-12-07-10:47:09
Inventario:I1
Intervalo:2ms
Ngramas:1
Clasificador:NaiveBayes
Relation Name:  I1-2ms-1gramas
Num Instances:  91703
Num Attributes: 11

     Name                      Type  Nom  Int Real     Missing      Unique  Dist
   1 0Int(dB)                   Num   0%   9%  91%     0 /  0%     6 /  0%   781 
   2 0Pitch(Hz)                 Num   0%  52%  48%     0 /  0%   471 /  1%  4016 
   3 0RawPitch                  Num   0%  55%  45%     0 /  0%   550 /  1%  4014 
   4 0SmPitch                   Num   0%  53%  47%     0 /  0%   491 /  1%  3998 
   5 0Melogram(st)              Num   0%  49%  51%     0 /  0%   212 /  0%  3363 
   6 0ZCross                    Num   0% 100%   0%     0 /  0%     6 /  0%    54 
   7 0F1(Hz)                    Num   0%  52%  48%     0 /  0%  1126 /  1%  4776 
   8 0F2(Hz)                    Num   0%  52%  48%     0 /  0%  2304 /  3%  6727 
   9 0F3(Hz)                    Num   0%  52%  48%     0 /  0%  1967 /  2%  6224 
  10 0F4(Hz)                    Num   0%  52%  48%     0 /  0%  1884 /  2%  6074 
  11 class                      Nom 100%   0%   0%     0 /  0%     0 /  0%    13 


Naive Bayes Classifier

                    Class
Attribute               a         b         e         d         f         i         k         j         l         o         0         s         u
                   (0.16)    (0.03)    (0.08)    (0.01)    (0.01)    (0.04)    (0.02)    (0.01)    (0.09)    (0.07)    (0.39)    (0.06)    (0.02)
==================================================================================================================================================
0Int(dB)
  mean             -4.2733  -12.2641    -5.199   -8.1726  -15.0003    -8.676  -23.2564   -11.554  -12.8516   -8.1936  -48.3069  -21.1143   -5.0927
  std. dev.         9.6287   10.5968    8.0531    6.8019    8.8607    8.3577   10.3629    8.2241   10.4051   12.2208   16.1112    6.7509    7.5769
  weight sum         14333      2915      6910      1346      1286      3561      1780      1035      8680      6646     35833      5298      2080
  precision         0.1037    0.1037    0.1037    0.1037    0.1037    0.1037    0.1037    0.1037    0.1037    0.1037    0.1037    0.1037    0.1037

0Pitch(Hz)
  mean            215.1446  160.3717  190.3791  197.2842  130.8258  173.4856   65.3555  183.2384  158.3241  178.0537   16.3378    50.307  229.8416
  std. dev.       108.5552  110.4325   87.7367   89.2015  107.1381   76.0683  105.6161   120.562  102.2966  105.2226    55.727   89.3603   83.5753
  weight sum         14333      2915      6910      1346      1286      3561      1780      1035      8680      6646     35833      5298      2080
  precision         0.1242    0.1242    0.1242    0.1242    0.1242    0.1242    0.1242    0.1242    0.1242    0.1242    0.1242    0.1242    0.1242

0RawPitch
  mean            204.7828  148.5095   185.837  191.0311  105.9763  166.2787   42.6116  150.3037    143.61  172.2852   13.3724    28.613  220.9278
  std. dev.       114.9802  115.8451   95.0002   97.9614  102.9581   83.0617   89.3617  124.7589  109.4308  112.5036   50.3479   70.3623   92.1417
  weight sum         14333      2915      6910      1346      1286      3561      1780      1035      8680      6646     35833      5298      2080
  precision         0.1243    0.1243    0.1243    0.1243    0.1243    0.1243    0.1243    0.1243    0.1243    0.1243    0.1243    0.1243    0.1243

0SmPitch
  mean            213.2239  155.6124  188.9642  196.8148  120.6473  171.0525    54.999  162.3877   154.026  175.9682   14.7403   43.2996  229.2536
  std. dev.       110.0447  113.2741   88.9263   90.0345  104.2291   78.7886  100.1478  130.5579  104.2198  107.3853   51.9288    84.242   84.0032
  weight sum         14333      2915      6910      1346      1286      3561      1780      1035      8680      6646     35833      5298      2080
  precision         0.1248    0.1248    0.1248    0.1248    0.1248    0.1248    0.1248    0.1248    0.1248    0.1248    0.1248    0.1248    0.1248

0Melogram(st)
  mean             51.2983   41.6893   50.4842   51.7752   37.0069   48.6341   16.3925   34.0839   42.1689   46.4749    4.8253   14.4243   54.3072
  std. dev.        16.9875   24.1614   15.3213   13.7541   25.0249   15.9951   25.8227   28.4273   23.2142   20.5262   15.4829   23.9438   13.7628
  weight sum         14333      2915      6910      1346      1286      3561      1780      1035      8680      6646     35833      5298      2080
  precision         0.0246    0.0246    0.0246    0.0246    0.0246    0.0246    0.0246    0.0246    0.0246    0.0246    0.0246    0.0246    0.0246

0ZCross
  mean               7.111    2.5583    5.2438    4.0886    2.0698    3.7483    2.3479    4.2323    2.5396    4.4237    0.2484    3.8841    4.1111
  std. dev.         4.6004    2.2519    3.2168    2.3648    2.2498    3.2275    4.8445    3.3374    2.2159    3.0692    1.1311    7.5827    2.9164
  weight sum         14333      2915      6910      1346      1286      3561      1780      1035      8680      6646     35833      5298      2080
  precision         1.0755    1.0755    1.0755    1.0755    1.0755    1.0755    1.0755    1.0755    1.0755    1.0755    1.0755    1.0755    1.0755

0F1(Hz)
  mean            683.4195   372.086  466.4894  505.7205  378.5922    363.75  121.7702  468.7201  402.1582  486.2046   52.7313  175.7275  500.6341
  std. dev.        269.455  236.0116  142.2388  171.4004  277.5826  140.8431  225.3955  279.8473  234.3223  225.0865  165.0978  270.2225  305.2064
  weight sum         14333      2915      6910      1346      1286      3561      1780      1035      8680      6646     35833      5298      2080
  precision         0.3648    0.3648    0.3648    0.3648    0.3648    0.3648    0.3648    0.3648    0.3648    0.3648    0.3648    0.3648    0.3648

0F2(Hz)
  mean           1444.7727 1309.1173 1798.4442 1447.7215 1163.3139  1993.047   399.694 1467.5106 1318.9754 1140.7371  165.1112  573.2276 1061.2779
  std. dev.       450.4532    746.06  511.8666  393.3743   782.141  650.7685    748.44  797.6954  710.8251  531.1147  511.8582  845.2547  416.4942
  weight sum         14333      2915      6910      1346      1286      3561      1780      1035      8680      6646     35833      5298      2080
  precision         0.4429    0.4429    0.4429    0.4429    0.4429    0.4429    0.4429    0.4429    0.4429    0.4429    0.4429    0.4429    0.4429

0F3(Hz)
  mean           2659.8447 2204.7048 2634.9785 2797.9736 1978.2255 2677.3565  676.8886 2381.1662 2274.8969 2506.4348  281.5167  957.2863 2694.0925
  std. dev.       806.7783 1201.2074  764.1593  671.2133 1318.9077  898.3116 1222.9021 1267.0719 1201.7873 1018.6433  858.0435 1399.5559  755.1652
  weight sum         14333      2915      6910      1346      1286      3561      1780      1035      8680      6646     35833      5298      2080
  precision          0.662     0.662     0.662     0.662     0.662     0.662     0.662     0.662     0.662     0.662     0.662     0.662     0.662

0F4(Hz)
  mean           3084.7647 2650.5175   3174.33 3238.3887 2370.2376 3182.3609  803.0259 2619.6189 2618.0618 2882.7851  338.5076 1092.0781 3086.3027
  std. dev.       921.7526 1411.8243  885.5429  753.1084 1544.5093 1024.5862 1454.3715 1380.9381 1366.6706 1153.5603 1029.3862 1593.8261   763.546
  weight sum         14333      2915      6910      1346      1286      3561      1780      1035      8680      6646     35833      5298      2080
  precision         0.6829    0.6829    0.6829    0.6829    0.6829    0.6829    0.6829    0.6829    0.6829    0.6829    0.6829    0.6829    0.6829





=== Stratified cross-validation ===

Correctly Classified Instances       50116               54.6503 %
Incorrectly Classified Instances     41587               45.3497 %
Kappa statistic                          0.4156
K&B Relative Info Score            3642742.8655 %
K&B Information Score               105156.3426 bits      1.1467 bits/instance
Class complexity | order 0          264698.8661 bits      2.8865 bits/instance
Class complexity | scheme           581498.5721 bits      6.3411 bits/instance
Complexity improvement     (Sf)    -316799.706  bits     -3.4546 bits/instance
Mean absolute error                      0.076 
Root mean squared error                  0.2225
Relative absolute error                 62.1217 %
Root relative squared error             89.9497 %
Coverage of cases (0.95 level)          75.5482 %
Mean rel. region size (0.95 level)      24.7031 %
Total Number of Instances            91703     


=== Detailed Accuracy By Class ===

                 TP Rate  FP Rate  Precision  Recall   F-Measure  MCC      ROC Area  PRC Area  Class
                 0,628    0,076    0,606      0,628    0,616      0,544    0,884     0,609     a
                 0,001    0,000    0,047      0,001    0,001      0,002    0,725     0,058     b
                 0,725    0,204    0,224      0,725    0,343      0,320    0,868     0,397     e
                 0,033    0,009    0,053      0,033    0,041      0,031    0,811     0,048     d
                 0,000    0,000    0,000      0,000    0,000      -0,001   0,727     0,031     f
                 0,255    0,024    0,297      0,255    0,274      0,248    0,872     0,322     i
                 0,054    0,008    0,123      0,054    0,075      0,070    0,830     0,089     k
                 0,016    0,000    0,288      0,016    0,031      0,066    0,743     0,065     j
                 0,108    0,051    0,180      0,108    0,135      0,071    0,750     0,181     l
                 0,009    0,001    0,337      0,009    0,017      0,044    0,782     0,204     o
                 0,896    0,144    0,800      0,896    0,845      0,740    0,951     0,950     0
                 0,235    0,017    0,455      0,235    0,310      0,299    0,887     0,390     s
                 0,328    0,009    0,464      0,328    0,384      0,378    0,873     0,352     u
Weighted Avg.    0,547    0,091    0,522      0,547    0,506      0,446    0,878     0,576     


=== Confusion Matrix ===

     a     b     c     d     e     f     g     h     i     j     k     l     m   <-- classified as
  8999     3  3184   191     4   130    88    21   726    43   772   156    16 |     a = a
   326     2  1150    61     0   320    51     0   262     5   535    69   134 |     b = b
   926    14  5010     7     0   240    59     9   288     7   275    64    11 |     c = e
   274     0   805    45     0    51     0     0    94     0    51    17     9 |     d = d
   102     0   470    40     0   108    35     0   145     0   325    53     8 |     e = f
   208     0  1969     2     0   907    48     0   179     0   195    53     0 |     f = i
    49    10   105    12     0    45    96     3   167     3  1003   266    21 |     g = k
   234     2   357     0     0    41    26    17   131    27   175    25     0 |     h = j
  1091     3  4011   153     0   533   177     3   934     4  1418   271    82 |     i = l
  1457     7  2884   192     0    41    34     2   664    57   731   121   456 |     j = o
   514     2  1356   106     5   394    76     1   832     7 32121   376    43 |     k = 0
   271     0   377    18     1   193    69     3   584     9  2518  1245    10 |     l = s
   410     0   641    25     0    52    21     0   185     7    36    20   683 |     m = u

=== Percent Confusion Matrix ===
a	b	c	d	e	f	g	h	i	j	k	l	m	
62.79	0.02	22.21	1.33	0.03	0.91	0.61	0.15	5.07	0.3	5.39	1.09	0.11	 a = a
11.18	0.07	39.45	2.09	0.0	10.98	1.75	0.0	8.99	0.17	18.35	2.37	4.6	 b = b
13.4	0.2	72.5	0.1	0.0	3.47	0.85	0.13	4.17	0.1	3.98	0.93	0.16	 c = e
20.36	0.0	59.81	3.34	0.0	3.79	0.0	0.0	6.98	0.0	3.79	1.26	0.67	 d = d
7.93	0.0	36.55	3.11	0.0	8.4	2.72	0.0	11.28	0.0	25.27	4.12	0.62	 e = f
5.84	0.0	55.29	0.06	0.0	25.47	1.35	0.0	5.03	0.0	5.48	1.49	0.0	 f = i
2.75	0.56	5.9	0.67	0.0	2.53	5.39	0.17	9.38	0.17	56.35	14.94	1.18	 g = k
22.61	0.19	34.49	0.0	0.0	3.96	2.51	1.64	12.66	2.61	16.91	2.42	0.0	 h = j
12.57	0.03	46.21	1.76	0.0	6.14	2.04	0.03	10.76	0.05	16.34	3.12	0.94	 i = l
21.92	0.11	43.39	2.89	0.0	0.62	0.51	0.03	9.99	0.86	11.0	1.82	6.86	 j = o
1.43	0.01	3.78	0.3	0.01	1.1	0.21	0.0	2.32	0.02	89.64	1.05	0.12	 k = 0
5.12	0.0	7.12	0.34	0.02	3.64	1.3	0.06	11.02	0.17	47.53	23.5	0.19	 l = s
19.71	0.0	30.82	1.2	0.0	2.5	1.01	0.0	8.89	0.34	1.73	0.96	32.84	 m = u
