Timestamp:2013-07-22-21:07:39
Inventario:I1
Intervalo:2ms
Ngramas:3
Clasificador:RandomForest
Relation Name:  I1-2ms-3gramas
Num Instances:  91701
Num Attributes: 31

     Name                      Type  Nom  Int Real     Missing      Unique  Dist
   1 0Int(dB)                   Num   0%   9%  91%     0 /  0%     4 /  0%   779 
   2 0Pitch(Hz)                 Num   0%  52%  48%     0 /  0%   471 /  1%  4016 
   3 0RawPitch                  Num   0%  55%  45%     0 /  0%   550 /  1%  4014 
   4 0SmPitch                   Num   0%  53%  47%     0 /  0%   491 /  1%  3998 
   5 0Melogram(st)              Num   0%  49%  51%     0 /  0%   212 /  0%  3363 
   6 0ZCross                    Num   0% 100%   0%     0 /  0%     6 /  0%    54 
   7 0F1(Hz)                    Num   0%  52%  48%     0 /  0%  1126 /  1%  4776 
   8 0F2(Hz)                    Num   0%  52%  48%     0 /  0%  2304 /  3%  6727 
   9 0F3(Hz)                    Num   0%  52%  48%     0 /  0%  1967 /  2%  6224 
  10 0F4(Hz)                    Num   0%  52%  48%     0 /  0%  1884 /  2%  6074 
  11 1Int(dB)                   Num   0%   9%  91%     0 /  0%     5 /  0%   780 
  12 1Pitch(Hz)                 Num   0%  52%  48%     0 /  0%   471 /  1%  4016 
  13 1RawPitch                  Num   0%  55%  45%     0 /  0%   550 /  1%  4014 
  14 1SmPitch                   Num   0%  53%  47%     0 /  0%   491 /  1%  3998 
  15 1Melogram(st)              Num   0%  49%  51%     0 /  0%   212 /  0%  3363 
  16 1ZCross                    Num   0% 100%   0%     0 /  0%     6 /  0%    54 
  17 1F1(Hz)                    Num   0%  52%  48%     0 /  0%  1126 /  1%  4776 
  18 1F2(Hz)                    Num   0%  52%  48%     0 /  0%  2304 /  3%  6727 
  19 1F3(Hz)                    Num   0%  52%  48%     0 /  0%  1967 /  2%  6224 
  20 1F4(Hz)                    Num   0%  52%  48%     0 /  0%  1884 /  2%  6074 
  21 2Int(dB)                   Num   0%   9%  91%     0 /  0%     6 /  0%   781 
  22 2Pitch(Hz)                 Num   0%  52%  48%     0 /  0%   471 /  1%  4016 
  23 2RawPitch                  Num   0%  55%  45%     0 /  0%   550 /  1%  4014 
  24 2SmPitch                   Num   0%  53%  47%     0 /  0%   491 /  1%  3998 
  25 2Melogram(st)              Num   0%  49%  51%     0 /  0%   212 /  0%  3363 
  26 2ZCross                    Num   0% 100%   0%     0 /  0%     6 /  0%    54 
  27 2F1(Hz)                    Num   0%  52%  48%     0 /  0%  1126 /  1%  4776 
  28 2F2(Hz)                    Num   0%  52%  48%     0 /  0%  2304 /  3%  6727 
  29 2F3(Hz)                    Num   0%  52%  48%     0 /  0%  1967 /  2%  6224 
  30 2F4(Hz)                    Num   0%  52%  48%     0 /  0%  1884 /  2%  6074 
  31 class                      Nom 100%   0%   0%     0 /  0%     0 /  0%    13 


Options: -I 10 -K 0 -S 1 -num-slots 4 

Random forest of 10 trees, each constructed while considering 5 random features.
Out of bag error: 0.159





=== Stratified cross-validation ===

Correctly Classified Instances       80285               87.5508 %
Incorrectly Classified Instances     11416               12.4492 %
Kappa statistic                          0.8427
K&B Relative Info Score            7516447.4244 %
K&B Information Score               216983.0708 bits      2.3662 bits/instance
Class complexity | order 0          264696.1546 bits      2.8865 bits/instance
Class complexity | scheme          4515246.5911 bits     49.2388 bits/instance
Complexity improvement     (Sf)    -4250550.4365 bits    -46.3523 bits/instance
Mean absolute error                      0.0295
Root mean squared error                  0.1203
Relative absolute error                 24.1177 %
Root relative squared error             48.6332 %
Coverage of cases (0.95 level)          95.4112 %
Mean rel. region size (0.95 level)      14.9294 %
Total Number of Instances            91701     


=== Detailed Accuracy By Class ===

                 TP Rate  FP Rate  Precision  Recall   F-Measure  MCC      ROC Area  PRC Area  Class
                 0,926    0,017    0,911      0,926    0,919      0,903    0,977     0,954     a
                 0,761    0,007    0,790      0,761    0,775      0,768    0,932     0,804     b
                 0,914    0,008    0,900      0,914    0,907      0,899    0,979     0,943     e
                 0,892    0,001    0,917      0,892    0,904      0,903    0,985     0,935     d
                 0,672    0,004    0,719      0,672    0,695      0,691    0,914     0,705     f
                 0,890    0,004    0,903      0,890    0,896      0,892    0,973     0,924     i
                 0,395    0,009    0,477      0,395    0,432      0,424    0,824     0,375     k
                 0,770    0,001    0,860      0,770    0,812      0,812    0,928     0,814     j
                 0,787    0,020    0,805      0,787    0,796      0,775    0,946     0,845     l
                 0,850    0,008    0,893      0,850    0,871      0,862    0,953     0,893     o
                 0,935    0,060    0,908      0,935    0,922      0,870    0,981     0,962     0
                 0,723    0,016    0,737      0,723    0,730      0,713    0,945     0,770     s
                 0,924    0,001    0,969      0,924    0,946      0,945    0,988     0,963     u
Weighted Avg.    0,876    0,031    0,873      0,876    0,874      0,847    0,966     0,909     


=== Confusion Matrix ===

     a     b     c     d     e     f     g     h     i     j     k     l     m   <-- classified as
 13277    53    62    14    27    24    78     8   203    51   431   102     3 |     a = a
    76  2218    37     2    24    30    39     4   115    49   235    78     8 |     b = b
    80    40  6318     4    17    29    42     7   113    31   171    47    11 |     c = e
    29     2    23  1200     4     3     1     2    25    22    18    16     1 |     d = d
    33    17    33     5   864    16    19    10    59    23    75   132     0 |     e = f
    40    31    50     2    15  3170    24     1    59     9   126    31     3 |     f = i
   110    52    47     0    19    17   703    11   163    27   445   180     6 |     g = k
    31     7    18     2    13     4    16   797    25     2    44    73     3 |     h = j
   332    94   144    14    40    55   157    15  6832    82   665   239    11 |     i = l
    97    41    49    29    21    15    20     9   125  5652   519    64     5 |     j = o
   337   143   187    22    66   105   222    29   513   298 33504   397     8 |     k = 0
   114    95    38    12    90    32   142    31   225    65   623  3828     3 |     l = s
    20    15    15     2     2    11    10     3    30    16    28     6  1922 |     m = u

=== Percent Confusion Matrix ===
a	b	c	d	e	f	g	h	i	j	k	l	m	
92.63	0.37	0.43	0.1	0.19	0.17	0.54	0.06	1.42	0.36	3.01	0.71	0.02	 a = a
2.61	76.09	1.27	0.07	0.82	1.03	1.34	0.14	3.95	1.68	8.06	2.68	0.27	 b = b
1.16	0.58	91.43	0.06	0.25	0.42	0.61	0.1	1.64	0.45	2.47	0.68	0.16	 c = e
2.15	0.15	1.71	89.15	0.3	0.22	0.07	0.15	1.86	1.63	1.34	1.19	0.07	 d = d
2.57	1.32	2.57	0.39	67.19	1.24	1.48	0.78	4.59	1.79	5.83	10.26	0.0	 e = f
1.12	0.87	1.4	0.06	0.42	89.02	0.67	0.03	1.66	0.25	3.54	0.87	0.08	 f = i
6.18	2.92	2.64	0.0	1.07	0.96	39.49	0.62	9.16	1.52	25.0	10.11	0.34	 g = k
3.0	0.68	1.74	0.19	1.26	0.39	1.55	77.0	2.42	0.19	4.25	7.05	0.29	 h = j
3.82	1.08	1.66	0.16	0.46	0.63	1.81	0.17	78.71	0.94	7.66	2.75	0.13	 i = l
1.46	0.62	0.74	0.44	0.32	0.23	0.3	0.14	1.88	85.04	7.81	0.96	0.08	 j = o
0.94	0.4	0.52	0.06	0.18	0.29	0.62	0.08	1.43	0.83	93.51	1.11	0.02	 k = 0
2.15	1.79	0.72	0.23	1.7	0.6	2.68	0.59	4.25	1.23	11.76	72.25	0.06	 l = s
0.96	0.72	0.72	0.1	0.1	0.53	0.48	0.14	1.44	0.77	1.35	0.29	92.4	 m = u
