Timestamp:2013-07-22-21:09:25
Inventario:I1
Intervalo:2ms
Ngramas:4
Clasificador:RandomForest
Relation Name:  I1-2ms-4gramas
Num Instances:  91700
Num Attributes: 41

     Name                      Type  Nom  Int Real     Missing      Unique  Dist
   1 0Int(dB)                   Num   0%   9%  91%     0 /  0%     4 /  0%   779 
   2 0Pitch(Hz)                 Num   0%  52%  48%     0 /  0%   471 /  1%  4016 
   3 0RawPitch                  Num   0%  55%  45%     0 /  0%   550 /  1%  4014 
   4 0SmPitch                   Num   0%  53%  47%     0 /  0%   491 /  1%  3998 
   5 0Melogram(st)              Num   0%  49%  51%     0 /  0%   212 /  0%  3363 
   6 0ZCross                    Num   0% 100%   0%     0 /  0%     6 /  0%    54 
   7 0F1(Hz)                    Num   0%  52%  48%     0 /  0%  1126 /  1%  4776 
   8 0F2(Hz)                    Num   0%  52%  48%     0 /  0%  2304 /  3%  6727 
   9 0F3(Hz)                    Num   0%  52%  48%     0 /  0%  1967 /  2%  6224 
  10 0F4(Hz)                    Num   0%  52%  48%     0 /  0%  1884 /  2%  6074 
  11 1Int(dB)                   Num   0%   9%  91%     0 /  0%     4 /  0%   779 
  12 1Pitch(Hz)                 Num   0%  52%  48%     0 /  0%   471 /  1%  4016 
  13 1RawPitch                  Num   0%  55%  45%     0 /  0%   550 /  1%  4014 
  14 1SmPitch                   Num   0%  53%  47%     0 /  0%   491 /  1%  3998 
  15 1Melogram(st)              Num   0%  49%  51%     0 /  0%   212 /  0%  3363 
  16 1ZCross                    Num   0% 100%   0%     0 /  0%     6 /  0%    54 
  17 1F1(Hz)                    Num   0%  52%  48%     0 /  0%  1126 /  1%  4776 
  18 1F2(Hz)                    Num   0%  52%  48%     0 /  0%  2304 /  3%  6727 
  19 1F3(Hz)                    Num   0%  52%  48%     0 /  0%  1967 /  2%  6224 
  20 1F4(Hz)                    Num   0%  52%  48%     0 /  0%  1884 /  2%  6074 
  21 2Int(dB)                   Num   0%   9%  91%     0 /  0%     5 /  0%   780 
  22 2Pitch(Hz)                 Num   0%  52%  48%     0 /  0%   471 /  1%  4016 
  23 2RawPitch                  Num   0%  55%  45%     0 /  0%   550 /  1%  4014 
  24 2SmPitch                   Num   0%  53%  47%     0 /  0%   491 /  1%  3998 
  25 2Melogram(st)              Num   0%  49%  51%     0 /  0%   212 /  0%  3363 
  26 2ZCross                    Num   0% 100%   0%     0 /  0%     6 /  0%    54 
  27 2F1(Hz)                    Num   0%  52%  48%     0 /  0%  1126 /  1%  4776 
  28 2F2(Hz)                    Num   0%  52%  48%     0 /  0%  2304 /  3%  6727 
  29 2F3(Hz)                    Num   0%  52%  48%     0 /  0%  1967 /  2%  6224 
  30 2F4(Hz)                    Num   0%  52%  48%     0 /  0%  1884 /  2%  6074 
  31 3Int(dB)                   Num   0%   9%  91%     0 /  0%     6 /  0%   781 
  32 3Pitch(Hz)                 Num   0%  52%  48%     0 /  0%   471 /  1%  4016 
  33 3RawPitch                  Num   0%  55%  45%     0 /  0%   550 /  1%  4014 
  34 3SmPitch                   Num   0%  53%  47%     0 /  0%   491 /  1%  3998 
  35 3Melogram(st)              Num   0%  49%  51%     0 /  0%   212 /  0%  3363 
  36 3ZCross                    Num   0% 100%   0%     0 /  0%     6 /  0%    54 
  37 3F1(Hz)                    Num   0%  52%  48%     0 /  0%  1126 /  1%  4776 
  38 3F2(Hz)                    Num   0%  52%  48%     0 /  0%  2304 /  3%  6727 
  39 3F3(Hz)                    Num   0%  52%  48%     0 /  0%  1967 /  2%  6224 
  40 3F4(Hz)                    Num   0%  52%  48%     0 /  0%  1884 /  2%  6074 
  41 class                      Nom 100%   0%   0%     0 /  0%     0 /  0%    13 


Options: -I 10 -K 0 -S 1 -num-slots 4 

Random forest of 10 trees, each constructed while considering 6 random features.
Out of bag error: 0.1549





=== Stratified cross-validation ===

Correctly Classified Instances       80917               88.241  %
Incorrectly Classified Instances     10783               11.759  %
Kappa statistic                          0.8512
K&B Relative Info Score            7553871.4318 %
K&B Information Score               218063.5183 bits      2.378  bits/instance
Class complexity | order 0          264694.7989 bits      2.8865 bits/instance
Class complexity | scheme          4037930.6224 bits     44.0341 bits/instance
Complexity improvement     (Sf)    -3773235.8236 bits    -41.1476 bits/instance
Mean absolute error                      0.0294
Root mean squared error                  0.1177
Relative absolute error                 24.0095 %
Root relative squared error             47.5665 %
Coverage of cases (0.95 level)          95.9269 %
Mean rel. region size (0.95 level)      15.3321 %
Total Number of Instances            91700     


=== Detailed Accuracy By Class ===

                 TP Rate  FP Rate  Precision  Recall   F-Measure  MCC      ROC Area  PRC Area  Class
                 0,930    0,016    0,917      0,930    0,923      0,909    0,978     0,956     a
                 0,766    0,006    0,799      0,766    0,782      0,775    0,934     0,812     b
                 0,916    0,008    0,903      0,916    0,909      0,902    0,979     0,944     e
                 0,884    0,001    0,921      0,884    0,902      0,901    0,983     0,934     d
                 0,693    0,003    0,761      0,693    0,725      0,722    0,929     0,741     f
                 0,894    0,003    0,918      0,894    0,906      0,902    0,974     0,930     i
                 0,419    0,008    0,511      0,419    0,460      0,453    0,842     0,416     k
                 0,777    0,001    0,884      0,777    0,827      0,827    0,937     0,828     j
                 0,797    0,018    0,819      0,797    0,808      0,788    0,952     0,860     l
                 0,856    0,006    0,917      0,856    0,885      0,877    0,957     0,899     o
                 0,943    0,062    0,907      0,943    0,924      0,875    0,983     0,966     0
                 0,738    0,015    0,756      0,738    0,747      0,731    0,949     0,793     s
                 0,923    0,001    0,970      0,923    0,946      0,945    0,989     0,965     u
Weighted Avg.    0,882    0,031    0,880      0,882    0,881      0,855    0,969     0,916     


=== Confusion Matrix ===

     a     b     c     d     e     f     g     h     i     j     k     l     m   <-- classified as
 13330    49    57    10    18    17    77     9   209    30   417   107     3 |     a = a
    91  2233    42     1    11    27    34     2   122    24   248    71     9 |     b = b
    77    39  6332    15    13    22    40     5   132    30   166    32     7 |     c = e
    27     6    27  1190     1     3     1     2    20    24    31    13     1 |     d = d
    38    15    29     3   891    13    23     6    39    20    61   146     2 |     e = f
    39    32    52     1    10  3183    18     3    51     9   125    35     3 |     f = i
    82    52    46     0    14    14   746    10   155    30   453   172     6 |     g = k
    25     6    23     0     9     8    17   804    25     2    39    75     2 |     h = j
   298   104   127    18    26    45   144    11  6921    79   706   192     9 |     i = l
    79    36    43    25    17     7    23     4   116  5686   548    56     6 |     j = o
   327   140   183    17    53    94   208    24   443   202 33772   359     8 |     k = 0
   107    68    40     8   107    22   117    25   187    53   651  3909     4 |     l = s
    20    14    15     4     1    12    12     4    34    11    26     7  1920 |     m = u

=== Percent Confusion Matrix ===
a	b	c	d	e	f	g	h	i	j	k	l	m	
93.0	0.34	0.4	0.07	0.13	0.12	0.54	0.06	1.46	0.21	2.91	0.75	0.02	 a = a
3.12	76.6	1.44	0.03	0.38	0.93	1.17	0.07	4.19	0.82	8.51	2.44	0.31	 b = b
1.11	0.56	91.64	0.22	0.19	0.32	0.58	0.07	1.91	0.43	2.4	0.46	0.1	 c = e
2.01	0.45	2.01	88.41	0.07	0.22	0.07	0.15	1.49	1.78	2.3	0.97	0.07	 d = d
2.95	1.17	2.26	0.23	69.28	1.01	1.79	0.47	3.03	1.56	4.74	11.35	0.16	 e = f
1.1	0.9	1.46	0.03	0.28	89.39	0.51	0.08	1.43	0.25	3.51	0.98	0.08	 f = i
4.61	2.92	2.58	0.0	0.79	0.79	41.91	0.56	8.71	1.69	25.45	9.66	0.34	 g = k
2.42	0.58	2.22	0.0	0.87	0.77	1.64	77.68	2.42	0.19	3.77	7.25	0.19	 h = j
3.43	1.2	1.46	0.21	0.3	0.52	1.66	0.13	79.74	0.91	8.13	2.21	0.1	 i = l
1.19	0.54	0.65	0.38	0.26	0.11	0.35	0.06	1.75	85.56	8.25	0.84	0.09	 j = o
0.91	0.39	0.51	0.05	0.15	0.26	0.58	0.07	1.24	0.56	94.26	1.0	0.02	 k = 0
2.02	1.28	0.76	0.15	2.02	0.42	2.21	0.47	3.53	1.0	12.29	73.78	0.08	 l = s
0.96	0.67	0.72	0.19	0.05	0.58	0.58	0.19	1.63	0.53	1.25	0.34	92.31	 m = u
