Timestamp:2013-07-22-21:23:18
Inventario:I1
Intervalo:20ms
Ngramas:5
Clasificador:RandomForest
Relation Name:  I1-20ms-5gramas
Num Instances:  9125
Num Attributes: 51

     Name                      Type  Nom  Int Real     Missing      Unique  Dist
   1 0Int(dB)                   Num   0%  11%  89%     0 /  0%    14 /  0%   764 
   2 0Pitch(Hz)                 Num   0%  49%  51%     0 /  0%  1033 / 11%  2440 
   3 0RawPitch                  Num   0%  52%  48%     0 /  0%  1062 / 12%  2369 
   4 0SmPitch                   Num   0%  50%  50%     0 /  0%  1056 / 12%  2419 
   5 0Melogram(st)              Num   0%  45%  55%     0 /  0%   937 / 10%  2341 
   6 0ZCross                    Num   0% 100%   0%     0 /  0%     7 /  0%    34 
   7 0F1(Hz)                    Num   0%  49%  51%     0 /  0%  2180 / 24%  3398 
   8 0F2(Hz)                    Num   0%  49%  51%     0 /  0%  3463 / 38%  4259 
   9 0F3(Hz)                    Num   0%  49%  51%     0 /  0%  3209 / 35%  4087 
  10 0F4(Hz)                    Num   0%  49%  51%     0 /  0%  3134 / 34%  4027 
  11 1Int(dB)                   Num   0%  11%  89%     0 /  0%    14 /  0%   764 
  12 1Pitch(Hz)                 Num   0%  49%  51%     0 /  0%  1033 / 11%  2440 
  13 1RawPitch                  Num   0%  52%  48%     0 /  0%  1062 / 12%  2369 
  14 1SmPitch                   Num   0%  50%  50%     0 /  0%  1056 / 12%  2419 
  15 1Melogram(st)              Num   0%  45%  55%     0 /  0%   937 / 10%  2341 
  16 1ZCross                    Num   0% 100%   0%     0 /  0%     7 /  0%    34 
  17 1F1(Hz)                    Num   0%  49%  51%     0 /  0%  2180 / 24%  3398 
  18 1F2(Hz)                    Num   0%  49%  51%     0 /  0%  3463 / 38%  4259 
  19 1F3(Hz)                    Num   0%  49%  51%     0 /  0%  3209 / 35%  4087 
  20 1F4(Hz)                    Num   0%  49%  51%     0 /  0%  3134 / 34%  4027 
  21 2Int(dB)                   Num   0%  11%  89%     0 /  0%    14 /  0%   764 
  22 2Pitch(Hz)                 Num   0%  49%  51%     0 /  0%  1033 / 11%  2440 
  23 2RawPitch                  Num   0%  52%  48%     0 /  0%  1062 / 12%  2369 
  24 2SmPitch                   Num   0%  50%  50%     0 /  0%  1056 / 12%  2419 
  25 2Melogram(st)              Num   0%  45%  55%     0 /  0%   937 / 10%  2341 
  26 2ZCross                    Num   0% 100%   0%     0 /  0%     7 /  0%    34 
  27 2F1(Hz)                    Num   0%  49%  51%     0 /  0%  2180 / 24%  3398 
  28 2F2(Hz)                    Num   0%  49%  51%     0 /  0%  3463 / 38%  4259 
  29 2F3(Hz)                    Num   0%  49%  51%     0 /  0%  3209 / 35%  4087 
  30 2F4(Hz)                    Num   0%  49%  51%     0 /  0%  3134 / 34%  4027 
  31 3Int(dB)                   Num   0%  11%  89%     0 /  0%    14 /  0%   764 
  32 3Pitch(Hz)                 Num   0%  49%  51%     0 /  0%  1033 / 11%  2440 
  33 3RawPitch                  Num   0%  52%  48%     0 /  0%  1062 / 12%  2369 
  34 3SmPitch                   Num   0%  50%  50%     0 /  0%  1056 / 12%  2419 
  35 3Melogram(st)              Num   0%  45%  55%     0 /  0%   937 / 10%  2341 
  36 3ZCross                    Num   0% 100%   0%     0 /  0%     7 /  0%    34 
  37 3F1(Hz)                    Num   0%  49%  51%     0 /  0%  2180 / 24%  3398 
  38 3F2(Hz)                    Num   0%  49%  51%     0 /  0%  3463 / 38%  4259 
  39 3F3(Hz)                    Num   0%  49%  51%     0 /  0%  3209 / 35%  4087 
  40 3F4(Hz)                    Num   0%  49%  51%     0 /  0%  3134 / 34%  4027 
  41 4Int(dB)                   Num   0%  11%  89%     0 /  0%    14 /  0%   764 
  42 4Pitch(Hz)                 Num   0%  49%  51%     0 /  0%  1033 / 11%  2440 
  43 4RawPitch                  Num   0%  52%  48%     0 /  0%  1062 / 12%  2369 
  44 4SmPitch                   Num   0%  50%  50%     0 /  0%  1056 / 12%  2419 
  45 4Melogram(st)              Num   0%  45%  55%     0 /  0%   938 / 10%  2342 
  46 4ZCross                    Num   0% 100%   0%     0 /  0%     7 /  0%    34 
  47 4F1(Hz)                    Num   0%  49%  51%     0 /  0%  2180 / 24%  3398 
  48 4F2(Hz)                    Num   0%  49%  51%     0 /  0%  3463 / 38%  4259 
  49 4F3(Hz)                    Num   0%  49%  51%     0 /  0%  3209 / 35%  4087 
  50 4F4(Hz)                    Num   0%  49%  51%     0 /  0%  3134 / 34%  4027 
  51 class                      Nom 100%   0%   0%     0 /  0%     0 /  0%    13 


Options: -I 10 -K 0 -S 1 -num-slots 4 

Random forest of 10 trees, each constructed while considering 6 random features.
Out of bag error: 0.3803





=== Stratified cross-validation ===

Correctly Classified Instances        6290               68.9315 %
Incorrectly Classified Instances      2835               31.0685 %
Kappa statistic                          0.6146
K&B Relative Info Score             528244.4496 %
K&B Information Score                15712.3701 bits      1.7219 bits/instance
Class complexity | order 0           27122.0401 bits      2.9723 bits/instance
Class complexity | scheme           779584.8158 bits     85.434  bits/instance
Complexity improvement     (Sf)    -752462.7757 bits    -82.4617 bits/instance
Mean absolute error                      0.0657
Root mean squared error                  0.181 
Relative absolute error                 52.2666 %
Root relative squared error             72.2087 %
Coverage of cases (0.95 level)          92.1315 %
Mean rel. region size (0.95 level)      26.0493 %
Total Number of Instances             9125     


=== Detailed Accuracy By Class ===

                 TP Rate  FP Rate  Precision  Recall   F-Measure  MCC      ROC Area  PRC Area  Class
                 0,804    0,089    0,640      0,804    0,713      0,654    0,925     0,798     a
                 0,294    0,015    0,398      0,294    0,338      0,323    0,786     0,256     b
                 0,617    0,048    0,532      0,617    0,571      0,532    0,912     0,569     e
                 0,159    0,005    0,324      0,159    0,214      0,219    0,799     0,146     d
                 0,109    0,003    0,326      0,109    0,163      0,181    0,734     0,103     f
                 0,569    0,018    0,589      0,569    0,579      0,560    0,911     0,537     i
                 0,227    0,007    0,410      0,227    0,292      0,295    0,806     0,191     k
                 0,229    0,002    0,625      0,229    0,336      0,374    0,857     0,304     j
                 0,471    0,061    0,462      0,471    0,467      0,407    0,855     0,425     l
                 0,528    0,027    0,621      0,528    0,571      0,540    0,888     0,565     o
                 0,929    0,058    0,897      0,929    0,913      0,864    0,978     0,958     0
                 0,537    0,024    0,593      0,537    0,564      0,538    0,905     0,551     s
                 0,491    0,004    0,738      0,491    0,590      0,594    0,926     0,593     u
Weighted Avg.    0,689    0,051    0,678      0,689    0,678      0,637    0,918     0,694     


=== Confusion Matrix ===

    a    b    c    d    e    f    g    h    i    j    k    l    m   <-- classified as
 1210    7   70    3    6   10    3    2   78   38   52   25    1 |    a = a
   42   88   23    3    3   22    3    2   50   19   28   11    5 |    b = b
  101   17  460    5    3   31    3    1   66   22   17   12    8 |    c = e
   34    1   20   22    1    5    0    2   29   20    3    0    1 |    d = d
   30   10   20    0   15    3    1    1   26   12    6   14    0 |    e = f
   26   10   61    1    1  219    3    2   29    5   12   15    1 |    f = i
   20    0    3    0    2    2   41    1   28   11   48   25    0 |    g = k
   28    4   24    1    1    9    0   25    5    2    4    5    1 |    h = j
  162   34   83   12    3   31   21    0  429   32   60   31   12 |    i = l
  123   21   35   16    4    5    3    0   53  376   55   16    5 |    j = o
   39   16   17    0    3   15   13    2   57   21 3002   46    2 |    k = 0
   57    5   30    1    3   18    7    2   60   14   56  296    2 |    l = s
   19    8   18    4    1    2    2    0   18   33    3    3  107 |    m = u

=== Percent Confusion Matrix ===
a	b	c	d	e	f	g	h	i	j	k	l	m	
80.4	0.47	4.65	0.2	0.4	0.66	0.2	0.13	5.18	2.52	3.46	1.66	0.07	 a = a
14.05	29.43	7.69	1.0	1.0	7.36	1.0	0.67	16.72	6.35	9.36	3.68	1.67	 b = b
13.54	2.28	61.66	0.67	0.4	4.16	0.4	0.13	8.85	2.95	2.28	1.61	1.07	 c = e
24.64	0.72	14.49	15.94	0.72	3.62	0.0	1.45	21.01	14.49	2.17	0.0	0.72	 d = d
21.74	7.25	14.49	0.0	10.87	2.17	0.72	0.72	18.84	8.7	4.35	10.14	0.0	 e = f
6.75	2.6	15.84	0.26	0.26	56.88	0.78	0.52	7.53	1.3	3.12	3.9	0.26	 f = i
11.05	0.0	1.66	0.0	1.1	1.1	22.65	0.55	15.47	6.08	26.52	13.81	0.0	 g = k
25.69	3.67	22.02	0.92	0.92	8.26	0.0	22.94	4.59	1.83	3.67	4.59	0.92	 h = j
17.8	3.74	9.12	1.32	0.33	3.41	2.31	0.0	47.14	3.52	6.59	3.41	1.32	 i = l
17.28	2.95	4.92	2.25	0.56	0.7	0.42	0.0	7.44	52.81	7.72	2.25	0.7	 j = o
1.21	0.49	0.53	0.0	0.09	0.46	0.4	0.06	1.76	0.65	92.85	1.42	0.06	 k = 0
10.34	0.91	5.44	0.18	0.54	3.27	1.27	0.36	10.89	2.54	10.16	53.72	0.36	 l = s
8.72	3.67	8.26	1.83	0.46	0.92	0.92	0.0	8.26	15.14	1.38	1.38	49.08	 m = u
