Timestamp:2013-07-22-21:11:21
Inventario:I1
Intervalo:2ms
Ngramas:5
Clasificador:RandomForest
Relation Name:  I1-2ms-5gramas
Num Instances:  91699
Num Attributes: 51

     Name                      Type  Nom  Int Real     Missing      Unique  Dist
   1 0Int(dB)                   Num   0%   9%  91%     0 /  0%     4 /  0%   779 
   2 0Pitch(Hz)                 Num   0%  52%  48%     0 /  0%   471 /  1%  4016 
   3 0RawPitch                  Num   0%  55%  45%     0 /  0%   550 /  1%  4014 
   4 0SmPitch                   Num   0%  53%  47%     0 /  0%   491 /  1%  3998 
   5 0Melogram(st)              Num   0%  49%  51%     0 /  0%   212 /  0%  3363 
   6 0ZCross                    Num   0% 100%   0%     0 /  0%     6 /  0%    54 
   7 0F1(Hz)                    Num   0%  52%  48%     0 /  0%  1126 /  1%  4776 
   8 0F2(Hz)                    Num   0%  52%  48%     0 /  0%  2304 /  3%  6727 
   9 0F3(Hz)                    Num   0%  52%  48%     0 /  0%  1967 /  2%  6224 
  10 0F4(Hz)                    Num   0%  52%  48%     0 /  0%  1884 /  2%  6074 
  11 1Int(dB)                   Num   0%   9%  91%     0 /  0%     4 /  0%   779 
  12 1Pitch(Hz)                 Num   0%  52%  48%     0 /  0%   471 /  1%  4016 
  13 1RawPitch                  Num   0%  55%  45%     0 /  0%   550 /  1%  4014 
  14 1SmPitch                   Num   0%  53%  47%     0 /  0%   491 /  1%  3998 
  15 1Melogram(st)              Num   0%  49%  51%     0 /  0%   212 /  0%  3363 
  16 1ZCross                    Num   0% 100%   0%     0 /  0%     6 /  0%    54 
  17 1F1(Hz)                    Num   0%  52%  48%     0 /  0%  1126 /  1%  4776 
  18 1F2(Hz)                    Num   0%  52%  48%     0 /  0%  2304 /  3%  6727 
  19 1F3(Hz)                    Num   0%  52%  48%     0 /  0%  1967 /  2%  6224 
  20 1F4(Hz)                    Num   0%  52%  48%     0 /  0%  1884 /  2%  6074 
  21 2Int(dB)                   Num   0%   9%  91%     0 /  0%     4 /  0%   779 
  22 2Pitch(Hz)                 Num   0%  52%  48%     0 /  0%   471 /  1%  4016 
  23 2RawPitch                  Num   0%  55%  45%     0 /  0%   550 /  1%  4014 
  24 2SmPitch                   Num   0%  53%  47%     0 /  0%   491 /  1%  3998 
  25 2Melogram(st)              Num   0%  49%  51%     0 /  0%   212 /  0%  3363 
  26 2ZCross                    Num   0% 100%   0%     0 /  0%     6 /  0%    54 
  27 2F1(Hz)                    Num   0%  52%  48%     0 /  0%  1126 /  1%  4776 
  28 2F2(Hz)                    Num   0%  52%  48%     0 /  0%  2304 /  3%  6727 
  29 2F3(Hz)                    Num   0%  52%  48%     0 /  0%  1967 /  2%  6224 
  30 2F4(Hz)                    Num   0%  52%  48%     0 /  0%  1884 /  2%  6074 
  31 3Int(dB)                   Num   0%   9%  91%     0 /  0%     5 /  0%   780 
  32 3Pitch(Hz)                 Num   0%  52%  48%     0 /  0%   471 /  1%  4016 
  33 3RawPitch                  Num   0%  55%  45%     0 /  0%   550 /  1%  4014 
  34 3SmPitch                   Num   0%  53%  47%     0 /  0%   491 /  1%  3998 
  35 3Melogram(st)              Num   0%  49%  51%     0 /  0%   212 /  0%  3363 
  36 3ZCross                    Num   0% 100%   0%     0 /  0%     6 /  0%    54 
  37 3F1(Hz)                    Num   0%  52%  48%     0 /  0%  1126 /  1%  4776 
  38 3F2(Hz)                    Num   0%  52%  48%     0 /  0%  2304 /  3%  6727 
  39 3F3(Hz)                    Num   0%  52%  48%     0 /  0%  1967 /  2%  6224 
  40 3F4(Hz)                    Num   0%  52%  48%     0 /  0%  1884 /  2%  6074 
  41 4Int(dB)                   Num   0%   9%  91%     0 /  0%     6 /  0%   781 
  42 4Pitch(Hz)                 Num   0%  52%  48%     0 /  0%   471 /  1%  4016 
  43 4RawPitch                  Num   0%  55%  45%     0 /  0%   550 /  1%  4014 
  44 4SmPitch                   Num   0%  53%  47%     0 /  0%   491 /  1%  3998 
  45 4Melogram(st)              Num   0%  49%  51%     0 /  0%   212 /  0%  3363 
  46 4ZCross                    Num   0% 100%   0%     0 /  0%     6 /  0%    54 
  47 4F1(Hz)                    Num   0%  52%  48%     0 /  0%  1126 /  1%  4776 
  48 4F2(Hz)                    Num   0%  52%  48%     0 /  0%  2304 /  3%  6727 
  49 4F3(Hz)                    Num   0%  52%  48%     0 /  0%  1967 /  2%  6224 
  50 4F4(Hz)                    Num   0%  52%  48%     0 /  0%  1884 /  2%  6074 
  51 class                      Nom 100%   0%   0%     0 /  0%     0 /  0%    13 


Options: -I 10 -K 0 -S 1 -num-slots 4 

Random forest of 10 trees, each constructed while considering 6 random features.
Out of bag error: 0.1543





=== Stratified cross-validation ===

Correctly Classified Instances       81296               88.6553 %
Incorrectly Classified Instances     10403               11.3447 %
Kappa statistic                          0.8564
K&B Relative Info Score            7569429.7374 %
K&B Information Score               218513.6737 bits      2.3829 bits/instance
Class complexity | order 0          264693.4431 bits      2.8865 bits/instance
Class complexity | scheme          3772125.4674 bits     41.1359 bits/instance
Complexity improvement     (Sf)    -3507432.0242 bits    -38.2494 bits/instance
Mean absolute error                      0.0295
Root mean squared error                  0.1165
Relative absolute error                 24.0617 %
Root relative squared error             47.1049 %
Coverage of cases (0.95 level)          96.2028 %
Mean rel. region size (0.95 level)      15.6073 %
Total Number of Instances            91699     


=== Detailed Accuracy By Class ===

                 TP Rate  FP Rate  Precision  Recall   F-Measure  MCC      ROC Area  PRC Area  Class
                 0,932    0,015    0,920      0,932    0,926      0,912    0,980     0,958     a
                 0,777    0,006    0,810      0,777    0,794      0,787    0,939     0,819     b
                 0,919    0,008    0,901      0,919    0,910      0,902    0,980     0,946     e
                 0,887    0,001    0,926      0,887    0,906      0,905    0,983     0,938     d
                 0,701    0,003    0,775      0,701    0,736      0,734    0,936     0,752     f
                 0,894    0,003    0,912      0,894    0,903      0,899    0,975     0,930     i
                 0,420    0,007    0,530      0,420    0,469      0,463    0,851     0,424     k
                 0,787    0,001    0,913      0,787    0,845      0,846    0,943     0,840     j
                 0,803    0,018    0,827      0,803    0,815      0,796    0,955     0,865     l
                 0,853    0,006    0,922      0,853    0,886      0,878    0,958     0,900     o
                 0,947    0,061    0,909      0,947    0,927      0,880    0,984     0,967     0
                 0,757    0,014    0,770      0,757    0,763      0,749    0,954     0,808     s
                 0,925    0,001    0,964      0,925    0,944      0,943    0,987     0,962     u
Weighted Avg.    0,887    0,030    0,884      0,887    0,885      0,860    0,971     0,919     


=== Confusion Matrix ===

     a     b     c     d     e     f     g     h     i     j     k     l     m   <-- classified as
 13353    48    54    11    13    26    71     2   192    40   425    93     5 |     a = a
    80  2266    42     0     9    27    40     2   123    20   233    66     7 |     b = b
    78    40  6347    12    14    23    35     7   124    27   166    28     9 |     c = e
    27     1    26  1194     2     1     1     1    27    30    21    15     0 |     d = d
    34    16    28     5   901    17    16     4    38    18    71   137     1 |     e = f
    43    25    59     2    12  3182    16     4    52     8   126    29     3 |     f = i
    79    49    49     1    19    17   748     3   131    23   453   202     6 |     g = k
    27     2    21     0     6     6    11   815    23     5    41    73     5 |     h = j
   276   101   126    18    33    55   142    10  6968    78   698   160    15 |     i = l
    93    43    45    19    17    14    16     6   107  5670   552    58     6 |     j = o
   301   123   181    15    52    88   190    19   426   175 33919   329    11 |     k = 0
   109    69    41    11    84    22   110    15   182    48   595  4009     3 |     l = s
    19    13    24     2     0    10    16     5    35    10    17     5  1924 |     m = u

=== Percent Confusion Matrix ===
a	b	c	d	e	f	g	h	i	j	k	l	m	
93.16	0.33	0.38	0.08	0.09	0.18	0.5	0.01	1.34	0.28	2.97	0.65	0.03	 a = a
2.74	77.74	1.44	0.0	0.31	0.93	1.37	0.07	4.22	0.69	7.99	2.26	0.24	 b = b
1.13	0.58	91.85	0.17	0.2	0.33	0.51	0.1	1.79	0.39	2.4	0.41	0.13	 c = e
2.01	0.07	1.93	88.71	0.15	0.07	0.07	0.07	2.01	2.23	1.56	1.11	0.0	 d = d
2.64	1.24	2.18	0.39	70.06	1.32	1.24	0.31	2.95	1.4	5.52	10.65	0.08	 e = f
1.21	0.7	1.66	0.06	0.34	89.36	0.45	0.11	1.46	0.22	3.54	0.81	0.08	 f = i
4.44	2.75	2.75	0.06	1.07	0.96	42.02	0.17	7.36	1.29	25.45	11.35	0.34	 g = k
2.61	0.19	2.03	0.0	0.58	0.58	1.06	78.74	2.22	0.48	3.96	7.05	0.48	 h = j
3.18	1.16	1.45	0.21	0.38	0.63	1.64	0.12	80.28	0.9	8.04	1.84	0.17	 i = l
1.4	0.65	0.68	0.29	0.26	0.21	0.24	0.09	1.61	85.31	8.31	0.87	0.09	 j = o
0.84	0.34	0.51	0.04	0.15	0.25	0.53	0.05	1.19	0.49	94.67	0.92	0.03	 k = 0
2.06	1.3	0.77	0.21	1.59	0.42	2.08	0.28	3.44	0.91	11.23	75.67	0.06	 l = s
0.91	0.63	1.15	0.1	0.0	0.48	0.77	0.24	1.68	0.48	0.82	0.24	92.5	 m = u
