Timestamp:2014-12-07-10:52:16
Inventario:I1
Intervalo:20ms
Ngramas:1
Clasificador:NaiveBayes
Relation Name:  I1-20ms-1gramas
Num Instances:  9129
Num Attributes: 11

     Name                      Type  Nom  Int Real     Missing      Unique  Dist
   1 0Int(dB)                   Num   0%  11%  89%     0 /  0%    14 /  0%   764 
   2 0Pitch(Hz)                 Num   0%  49%  51%     0 /  0%  1033 / 11%  2440 
   3 0RawPitch                  Num   0%  52%  48%     0 /  0%  1062 / 12%  2369 
   4 0SmPitch                   Num   0%  50%  50%     0 /  0%  1056 / 12%  2419 
   5 0Melogram(st)              Num   0%  45%  55%     0 /  0%   938 / 10%  2342 
   6 0ZCross                    Num   0% 100%   0%     0 /  0%     7 /  0%    34 
   7 0F1(Hz)                    Num   0%  49%  51%     0 /  0%  2180 / 24%  3398 
   8 0F2(Hz)                    Num   0%  49%  51%     0 /  0%  3463 / 38%  4259 
   9 0F3(Hz)                    Num   0%  49%  51%     0 /  0%  3209 / 35%  4087 
  10 0F4(Hz)                    Num   0%  49%  51%     0 /  0%  3134 / 34%  4027 
  11 class                      Nom 100%   0%   0%     0 /  0%     0 /  0%    13 


Naive Bayes Classifier

                    Class
Attribute               a         b         e         d         f         i         k         j         l         o         0         s         u
                   (0.16)    (0.03)    (0.08)    (0.02)    (0.02)    (0.04)    (0.02)    (0.01)     (0.1)    (0.08)    (0.35)    (0.06)    (0.02)
==================================================================================================================================================
0Int(dB)
  mean             -4.7838  -12.4527   -5.6493   -8.6538  -13.9655   -9.5022  -24.7612  -10.6843  -12.8772   -8.6644  -50.8564  -20.5637   -5.9413
  std. dev.          9.917   10.4872    8.2505    7.2422    8.9902    8.6317    9.9219    7.8142   10.5331   12.1183   13.3638    7.2016    8.0011
  weight sum          1505       299       746       138       138       385       181       109       910       712      3237       551       218
  precision         0.1008    0.1008    0.1008    0.1008    0.1008    0.1008    0.1008    0.1008    0.1008    0.1008    0.1008    0.1008    0.1008

0Pitch(Hz)
  mean            215.4717  173.7208  192.4898  190.1568  152.2312  174.3019   79.8505  200.7202  164.8495  180.2959    8.6334   79.8818  232.3523
  std. dev.       105.3209  104.0157    85.636   91.3345   105.769   75.0715  106.1975  109.5024   97.9698  103.4062    41.208  103.1552   82.3117
  weight sum          1505       299       746       138       138       385       181       109       910       712      3237       551       218
  precision         0.2034    0.2034    0.2034    0.2034    0.2034    0.2034    0.2034    0.2034    0.2034    0.2034    0.2034    0.2034    0.2034

0RawPitch
  mean            205.1279  156.9007  188.8553  185.4439  123.0765  166.4766   59.9198  174.6103  152.8875  174.0908    6.9028   58.2601  222.5693
  std. dev.       110.0217  112.4322   89.4789   97.5665  101.8456   78.7839   100.207  114.6744  103.0187  108.0935   35.4936   93.3335   89.8429
  weight sum          1505       299       746       138       138       385       181       109       910       712      3237       551       218
  precision         0.2088    0.2088    0.2088    0.2088    0.2088    0.2088    0.2088    0.2088    0.2088    0.2088    0.2088    0.2088    0.2088

0SmPitch
  mean            213.4208  169.8194  191.6241  189.6336  141.6009  171.8543   66.4445  185.8292  161.3764   178.962    7.4117   73.5048  232.3227
  std. dev.       106.8674  107.6346   86.4181   92.3532  100.3995   76.5988  103.0618  122.7866  100.3057  104.3249   36.4626   100.704   82.2366
  weight sum          1505       299       746       138       138       385       181       109       910       712      3237       551       218
  precision         0.2051    0.2051    0.2051    0.2051    0.2051    0.2051    0.2051    0.2051    0.2051    0.2051    0.2051    0.2051    0.2051

0Melogram(st)
  mean             52.0827   45.7719   51.3162   50.8347   42.7509   49.4307   20.7305   42.0778   44.1426   47.7311    2.7455   22.3048   54.9086
  std. dev.        15.5643   21.2519   13.9659   14.5044   21.9334   14.5646    27.307   25.4087   21.7623   19.2227   12.0014   26.7953   12.8002
  weight sum          1505       299       746       138       138       385       181       109       910       712      3237       551       218
  precision         0.0352    0.0352    0.0352    0.0352    0.0352    0.0352    0.0352    0.0352    0.0352    0.0352    0.0352    0.0352    0.0352

0ZCross
  mean              6.7146    2.2092    4.8248    3.4862    2.0843    3.1868    1.7087    4.2269    2.3063    3.9665    0.0853    3.6611     3.573
  std. dev.          4.535     2.095    3.1533    2.2377    2.0439    2.9527    3.3908    3.1596    2.0088    3.0096    0.6289    6.6276    2.8222
  weight sum          1505       299       746       138       138       385       181       109       910       712      3237       551       218
  precision         1.2727    1.2727    1.2727    1.2727    1.2727    1.2727    1.2727    1.2727    1.2727    1.2727    1.2727    1.2727    1.2727

0F1(Hz)
  mean            680.6071  402.1692  468.1216  495.2687  433.0067  362.9833  162.4503  519.3228  430.2971  487.9887    33.621  256.1635  498.1345
  std. dev.       260.5161  226.7452  135.4424  176.0915  254.6457  139.6622  248.8959  242.1586  227.3074  219.6408   134.961  292.2384  299.1257
  weight sum          1505       299       746       138       138       385       181       109       910       712      3237       551       218
  precision         0.5127    0.5127    0.5127    0.5127    0.5127    0.5127    0.5127    0.5127    0.5127    0.5127    0.5127    0.5127    0.5127

0F2(Hz)
  mean           1463.4676 1402.7174 1802.3085 1423.4659 1302.5905 1971.4305   523.537  1645.159 1381.1848 1165.7924  104.5544  833.4641 1080.7158
  std. dev.       432.0523  694.7863  487.8366   407.382  701.6256  644.7659  808.1478  658.8397  667.5419  525.3227  415.7714  908.4179  431.8771
  weight sum          1505       299       746       138       138       385       181       109       910       712      3237       551       218
  precision         0.6985    0.6985    0.6985    0.6985    0.6985    0.6985    0.6985    0.6985    0.6985    0.6985    0.6985    0.6985    0.6985

0F3(Hz)
  mean           2691.8093 2362.4099 2662.4498 2756.8647 2220.2677 2672.9489  906.3265 2640.4553 2381.1686 2534.4259  178.3613 1382.6766 2714.6841
  std. dev.       762.9907 1105.7815   729.876   698.638 1179.8092  890.7818 1352.6864  1037.927 1119.0959  989.9708  693.8699 1487.3833  768.9985
  weight sum          1505       299       746       138       138       385       181       109       910       712      3237       551       218
  precision         1.0065    1.0065    1.0065    1.0065    1.0065    1.0065    1.0065    1.0065    1.0065    1.0065    1.0065    1.0065    1.0065

0F4(Hz)
  mean            3114.979 2816.8308 3199.5596 3224.9891 2671.4019 3176.0491 1051.9703 2895.8616 2744.1595 2913.9175  219.7749 1596.2033  3074.217
  std. dev.       871.0219 1281.9538  841.1377  787.9869 1380.3083 1017.7226 1576.1376 1120.2728  1271.138 1121.3472  852.8379 1714.5262  772.1011
  weight sum          1505       299       746       138       138       385       181       109       910       712      3237       551       218
  precision         1.0301    1.0301    1.0301    1.0301    1.0301    1.0301    1.0301    1.0301    1.0301    1.0301    1.0301    1.0301    1.0301





=== Stratified cross-validation ===

Correctly Classified Instances        4904               53.7189 %
Incorrectly Classified Instances      4225               46.2811 %
Kappa statistic                          0.4196
K&B Relative Info Score             366483.9176 %
K&B Information Score                10898.766  bits      1.1939 bits/instance
Class complexity | order 0           27128.0259 bits      2.9716 bits/instance
Class complexity | scheme            62681.3521 bits      6.8662 bits/instance
Complexity improvement     (Sf)     -35553.3262 bits     -3.8945 bits/instance
Mean absolute error                      0.077 
Root mean squared error                  0.2226
Relative absolute error                 61.2958 %
Root relative squared error             88.8414 %
Coverage of cases (0.95 level)          78.4423 %
Mean rel. region size (0.95 level)      26.8106 %
Total Number of Instances             9129     


=== Detailed Accuracy By Class ===

                 TP Rate  FP Rate  Precision  Recall   F-Measure  MCC      ROC Area  PRC Area  Class
                 0,625    0,087    0,586      0,625    0,605      0,524    0,874     0,606     a
                 0,000    0,000    0,000      0,000    0,000      -0,003   0,727     0,061     b
                 0,736    0,221    0,228      0,736    0,349      0,320    0,858     0,381     e
                 0,014    0,001    0,167      0,014    0,027      0,045    0,787     0,041     d
                 0,000    0,000    0,000      0,000    0,000      0,000    0,731     0,031     f
                 0,265    0,026    0,309      0,265    0,285      0,257    0,858     0,305     i
                 0,099    0,016    0,113      0,099    0,106      0,089    0,801     0,078     k
                 0,009    0,000    0,333      0,009    0,018      0,054    0,761     0,095     j
                 0,082    0,050    0,155      0,082    0,108      0,044    0,744     0,185     l
                 0,007    0,001    0,500      0,007    0,014      0,052    0,772     0,223     o
                 0,934    0,109    0,825      0,934    0,876      0,805    0,973     0,966     0
                 0,223    0,022    0,389      0,223    0,284      0,262    0,818     0,307     s
                 0,298    0,008    0,478      0,298    0,367      0,366    0,859     0,318     u
Weighted Avg.    0,537    0,079    0,519      0,537    0,491      0,445    0,871     0,554     


=== Confusion Matrix ===

    a    b    c    d    e    f    g    h    i    j    k    l    m   <-- classified as
  940    1  357    4    0   17   17    2   73    2   64   26    2 |    a = a
   40    0  131    0    0   34   10    0   27    0   38    7   12 |    b = b
  101    0  549    0    0   24    9    0   23    0   25   13    2 |    c = e
   29    0   78    2    0    6    0    0   13    0    6    3    1 |    d = d
   17    0   63    1    0    7    6    0   15    0   22    6    1 |    e = f
   22    1  210    0    0  102   13    0   13    0   17    7    0 |    f = i
    7    0   13    0    0    6   18    0   18    0   87   28    4 |    g = k
   27    0   46    0    0    5    3    1   13    1    9    4    0 |    h = j
  144    0  439    0    0   62   32    0   75    0  114   36    8 |    i = l
  149    1  344    3    0    4    7    0   75    5   71   17   36 |    j = o
   31    0   42    0    0   25   12    0   57    0 3024   44    2 |    k = 0
   53    0   61    2    0   32   25    0   62    2  188  123    3 |    l = s
   44    0   71    0    0    6    8    0   20    0    2    2   65 |    m = u

=== Percent Confusion Matrix ===
a	b	c	d	e	f	g	h	i	j	k	l	m	
62.46	0.07	23.72	0.27	0.0	1.13	1.13	0.13	4.85	0.13	4.25	1.73	0.13	 a = a
13.38	0.0	43.81	0.0	0.0	11.37	3.34	0.0	9.03	0.0	12.71	2.34	4.01	 b = b
13.54	0.0	73.59	0.0	0.0	3.22	1.21	0.0	3.08	0.0	3.35	1.74	0.27	 c = e
21.01	0.0	56.52	1.45	0.0	4.35	0.0	0.0	9.42	0.0	4.35	2.17	0.72	 d = d
12.32	0.0	45.65	0.72	0.0	5.07	4.35	0.0	10.87	0.0	15.94	4.35	0.72	 e = f
5.71	0.26	54.55	0.0	0.0	26.49	3.38	0.0	3.38	0.0	4.42	1.82	0.0	 f = i
3.87	0.0	7.18	0.0	0.0	3.31	9.94	0.0	9.94	0.0	48.07	15.47	2.21	 g = k
24.77	0.0	42.2	0.0	0.0	4.59	2.75	0.92	11.93	0.92	8.26	3.67	0.0	 h = j
15.82	0.0	48.24	0.0	0.0	6.81	3.52	0.0	8.24	0.0	12.53	3.96	0.88	 i = l
20.93	0.14	48.31	0.42	0.0	0.56	0.98	0.0	10.53	0.7	9.97	2.39	5.06	 j = o
0.96	0.0	1.3	0.0	0.0	0.77	0.37	0.0	1.76	0.0	93.42	1.36	0.06	 k = 0
9.62	0.0	11.07	0.36	0.0	5.81	4.54	0.0	11.25	0.36	34.12	22.32	0.54	 l = s
20.18	0.0	32.57	0.0	0.0	2.75	3.67	0.0	9.17	0.0	0.92	0.92	29.82	 m = u
