Timestamp:2013-07-22-21:16:24
Inventario:I1
Intervalo:3ms
Ngramas:4
Clasificador:RandomForest
Relation Name:  I1-3ms-4gramas
Num Instances:  61132
Num Attributes: 41

     Name                      Type  Nom  Int Real     Missing      Unique  Dist
   1 0Int(dB)                   Num   0%  10%  90%     0 /  0%     2 /  0%   776 
   2 0Pitch(Hz)                 Num   0%  52%  48%     0 /  0%   559 /  1%  3828 
   3 0RawPitch                  Num   0%  55%  45%     0 /  0%   613 /  1%  3808 
   4 0SmPitch                   Num   0%  53%  47%     0 /  0%   575 /  1%  3802 
   5 0Melogram(st)              Num   0%  49%  51%     0 /  0%   269 /  0%  3285 
   6 0ZCross                    Num   0% 100%   0%     0 /  0%     3 /  0%    50 
   7 0F1(Hz)                    Num   0%  52%  48%     0 /  0%  1075 /  2%  4783 
   8 0F2(Hz)                    Num   0%  52%  48%     0 /  0%  2270 /  4%  6724 
   9 0F3(Hz)                    Num   0%  52%  48%     0 /  0%  1945 /  3%  6241 
  10 0F4(Hz)                    Num   0%  52%  48%     0 /  0%  1922 /  3%  6122 
  11 1Int(dB)                   Num   0%  10%  90%     0 /  0%     2 /  0%   776 
  12 1Pitch(Hz)                 Num   0%  52%  48%     0 /  0%   559 /  1%  3828 
  13 1RawPitch                  Num   0%  55%  45%     0 /  0%   613 /  1%  3808 
  14 1SmPitch                   Num   0%  53%  47%     0 /  0%   575 /  1%  3802 
  15 1Melogram(st)              Num   0%  49%  51%     0 /  0%   269 /  0%  3285 
  16 1ZCross                    Num   0% 100%   0%     0 /  0%     3 /  0%    50 
  17 1F1(Hz)                    Num   0%  52%  48%     0 /  0%  1075 /  2%  4783 
  18 1F2(Hz)                    Num   0%  52%  48%     0 /  0%  2270 /  4%  6724 
  19 1F3(Hz)                    Num   0%  52%  48%     0 /  0%  1945 /  3%  6241 
  20 1F4(Hz)                    Num   0%  52%  48%     0 /  0%  1922 /  3%  6122 
  21 2Int(dB)                   Num   0%  10%  90%     0 /  0%     2 /  0%   776 
  22 2Pitch(Hz)                 Num   0%  52%  48%     0 /  0%   559 /  1%  3828 
  23 2RawPitch                  Num   0%  55%  45%     0 /  0%   613 /  1%  3808 
  24 2SmPitch                   Num   0%  53%  47%     0 /  0%   575 /  1%  3802 
  25 2Melogram(st)              Num   0%  49%  51%     0 /  0%   269 /  0%  3285 
  26 2ZCross                    Num   0% 100%   0%     0 /  0%     3 /  0%    50 
  27 2F1(Hz)                    Num   0%  52%  48%     0 /  0%  1075 /  2%  4783 
  28 2F2(Hz)                    Num   0%  52%  48%     0 /  0%  2270 /  4%  6724 
  29 2F3(Hz)                    Num   0%  52%  48%     0 /  0%  1945 /  3%  6241 
  30 2F4(Hz)                    Num   0%  52%  48%     0 /  0%  1922 /  3%  6122 
  31 3Int(dB)                   Num   0%  10%  90%     0 /  0%     3 /  0%   777 
  32 3Pitch(Hz)                 Num   0%  52%  48%     0 /  0%   559 /  1%  3828 
  33 3RawPitch                  Num   0%  55%  45%     0 /  0%   613 /  1%  3808 
  34 3SmPitch                   Num   0%  53%  47%     0 /  0%   575 /  1%  3802 
  35 3Melogram(st)              Num   0%  49%  51%     0 /  0%   269 /  0%  3285 
  36 3ZCross                    Num   0% 100%   0%     0 /  0%     3 /  0%    50 
  37 3F1(Hz)                    Num   0%  52%  48%     0 /  0%  1075 /  2%  4783 
  38 3F2(Hz)                    Num   0%  52%  48%     0 /  0%  2270 /  4%  6724 
  39 3F3(Hz)                    Num   0%  52%  48%     0 /  0%  1945 /  3%  6241 
  40 3F4(Hz)                    Num   0%  52%  48%     0 /  0%  1922 /  3%  6122 
  41 class                      Nom 100%   0%   0%     0 /  0%     0 /  0%    13 


Options: -I 10 -K 0 -S 1 -num-slots 4 

Random forest of 10 trees, each constructed while considering 6 random features.
Out of bag error: 0.182





=== Stratified cross-validation ===

Correctly Classified Instances       52952               86.6191 %
Incorrectly Classified Instances      8180               13.3809 %
Kappa statistic                          0.8311
K&B Relative Info Score            4858915.6886 %
K&B Information Score               140602.4336 bits      2.3    bits/instance
Class complexity | order 0          176875.9209 bits      2.8933 bits/instance
Class complexity | scheme          2712636.8476 bits     44.3734 bits/instance
Complexity improvement     (Sf)    -2535760.9267 bits    -41.4801 bits/instance
Mean absolute error                      0.0351
Root mean squared error                  0.1269
Relative absolute error                 28.5721 %
Root relative squared error             51.2567 %
Coverage of cases (0.95 level)          95.9089 %
Mean rel. region size (0.95 level)      17.1928 %
Total Number of Instances            61132     


=== Detailed Accuracy By Class ===

                 TP Rate  FP Rate  Precision  Recall   F-Measure  MCC      ROC Area  PRC Area  Class
                 0,921    0,021    0,889      0,921    0,905      0,887    0,976     0,947     a
                 0,744    0,007    0,782      0,744    0,763      0,755    0,933     0,790     b
                 0,896    0,012    0,856      0,896    0,875      0,865    0,976     0,920     e
                 0,843    0,001    0,896      0,843    0,869      0,867    0,980     0,900     d
                 0,639    0,003    0,757      0,639    0,693      0,692    0,929     0,698     f
                 0,866    0,005    0,876      0,866    0,871      0,866    0,971     0,904     i
                 0,388    0,008    0,481      0,388    0,429      0,422    0,842     0,369     k
                 0,720    0,001    0,862      0,720    0,785      0,786    0,937     0,795     j
                 0,762    0,021    0,792      0,762    0,777      0,754    0,945     0,825     l
                 0,830    0,007    0,897      0,830    0,862      0,853    0,954     0,880     o
                 0,937    0,062    0,906      0,937    0,921      0,870    0,981     0,963     0
                 0,729    0,015    0,749      0,729    0,739      0,723    0,954     0,783     s
                 0,893    0,001    0,952      0,893    0,921      0,920    0,984     0,946     u
Weighted Avg.    0,866    0,032    0,864      0,866    0,864      0,836    0,967     0,901     


=== Confusion Matrix ===

     a     b     c     d     e     f     g     h     i     j     k     l     m   <-- classified as
  8831    33    52    12     6    20    50     9   155    49   294    72     2 |     a = a
    81  1449    45     2     9    25    30     1    89    25   145    38     9 |     b = b
    88    27  4141    14    12    30    20     6   113    19   117    25     9 |     c = e
    26     1    28   762     0     1     2     0    33    23    16    11     1 |     d = d
    28    17    30     3   552    17    11     5    46    21    42    92     0 |     e = f
    34    30    69     1     7  2064    11     3    40     4    91    26     2 |     f = i
    58    24    37     2    10    12   462     6   113    15   309   136     8 |     g = k
    34     4    31     0    13     6    10   499    18     7    19    48     4 |     h = j
   282    83   146    17    25    47   116     9  4435    64   461   123    11 |     i = l
   100    40    36    18     9     9    26     5   104  3705   366    42     3 |     j = o
   253   102   172    12    32    82   120    16   312   131 22224   255    12 |     k = 0
    95    34    40     6    51    30    96    16   116    41   435  2590     2 |     l = s
    25     8    13     1     3    14     7     4    27    25    19     2  1238 |     m = u

=== Percent Confusion Matrix ===
a	b	c	d	e	f	g	h	i	j	k	l	m	
92.13	0.34	0.54	0.13	0.06	0.21	0.52	0.09	1.62	0.51	3.07	0.75	0.02	 a = a
4.16	74.38	2.31	0.1	0.46	1.28	1.54	0.05	4.57	1.28	7.44	1.95	0.46	 b = b
1.9	0.58	89.61	0.3	0.26	0.65	0.43	0.13	2.45	0.41	2.53	0.54	0.19	 c = e
2.88	0.11	3.1	84.29	0.0	0.11	0.22	0.0	3.65	2.54	1.77	1.22	0.11	 d = d
3.24	1.97	3.47	0.35	63.89	1.97	1.27	0.58	5.32	2.43	4.86	10.65	0.0	 e = f
1.43	1.26	2.9	0.04	0.29	86.65	0.46	0.13	1.68	0.17	3.82	1.09	0.08	 f = i
4.87	2.01	3.1	0.17	0.84	1.01	38.76	0.5	9.48	1.26	25.92	11.41	0.67	 g = k
4.91	0.58	4.47	0.0	1.88	0.87	1.44	72.01	2.6	1.01	2.74	6.93	0.58	 h = j
4.85	1.43	2.51	0.29	0.43	0.81	1.99	0.15	76.22	1.1	7.92	2.11	0.19	 i = l
2.24	0.9	0.81	0.4	0.2	0.2	0.58	0.11	2.33	83.02	8.2	0.94	0.07	 j = o
1.07	0.43	0.73	0.05	0.13	0.35	0.51	0.07	1.32	0.55	93.68	1.07	0.05	 k = 0
2.67	0.96	1.13	0.17	1.44	0.84	2.7	0.45	3.27	1.15	12.25	72.92	0.06	 l = s
1.8	0.58	0.94	0.07	0.22	1.01	0.51	0.29	1.95	1.8	1.37	0.14	89.32	 m = u
