Timestamp:2013-07-22-21:17:39
Inventario:I1
Intervalo:3ms
Ngramas:5
Clasificador:RandomForest
Relation Name:  I1-3ms-5gramas
Num Instances:  61131
Num Attributes: 51

     Name                      Type  Nom  Int Real     Missing      Unique  Dist
   1 0Int(dB)                   Num   0%  10%  90%     0 /  0%     2 /  0%   776 
   2 0Pitch(Hz)                 Num   0%  52%  48%     0 /  0%   559 /  1%  3828 
   3 0RawPitch                  Num   0%  55%  45%     0 /  0%   613 /  1%  3808 
   4 0SmPitch                   Num   0%  53%  47%     0 /  0%   575 /  1%  3802 
   5 0Melogram(st)              Num   0%  49%  51%     0 /  0%   269 /  0%  3285 
   6 0ZCross                    Num   0% 100%   0%     0 /  0%     3 /  0%    50 
   7 0F1(Hz)                    Num   0%  52%  48%     0 /  0%  1075 /  2%  4783 
   8 0F2(Hz)                    Num   0%  52%  48%     0 /  0%  2270 /  4%  6724 
   9 0F3(Hz)                    Num   0%  52%  48%     0 /  0%  1945 /  3%  6241 
  10 0F4(Hz)                    Num   0%  52%  48%     0 /  0%  1922 /  3%  6122 
  11 1Int(dB)                   Num   0%  10%  90%     0 /  0%     2 /  0%   776 
  12 1Pitch(Hz)                 Num   0%  52%  48%     0 /  0%   559 /  1%  3828 
  13 1RawPitch                  Num   0%  55%  45%     0 /  0%   613 /  1%  3808 
  14 1SmPitch                   Num   0%  53%  47%     0 /  0%   575 /  1%  3802 
  15 1Melogram(st)              Num   0%  49%  51%     0 /  0%   269 /  0%  3285 
  16 1ZCross                    Num   0% 100%   0%     0 /  0%     3 /  0%    50 
  17 1F1(Hz)                    Num   0%  52%  48%     0 /  0%  1075 /  2%  4783 
  18 1F2(Hz)                    Num   0%  52%  48%     0 /  0%  2270 /  4%  6724 
  19 1F3(Hz)                    Num   0%  52%  48%     0 /  0%  1945 /  3%  6241 
  20 1F4(Hz)                    Num   0%  52%  48%     0 /  0%  1922 /  3%  6122 
  21 2Int(dB)                   Num   0%  10%  90%     0 /  0%     2 /  0%   776 
  22 2Pitch(Hz)                 Num   0%  52%  48%     0 /  0%   559 /  1%  3828 
  23 2RawPitch                  Num   0%  55%  45%     0 /  0%   613 /  1%  3808 
  24 2SmPitch                   Num   0%  53%  47%     0 /  0%   575 /  1%  3802 
  25 2Melogram(st)              Num   0%  49%  51%     0 /  0%   269 /  0%  3285 
  26 2ZCross                    Num   0% 100%   0%     0 /  0%     3 /  0%    50 
  27 2F1(Hz)                    Num   0%  52%  48%     0 /  0%  1075 /  2%  4783 
  28 2F2(Hz)                    Num   0%  52%  48%     0 /  0%  2270 /  4%  6724 
  29 2F3(Hz)                    Num   0%  52%  48%     0 /  0%  1945 /  3%  6241 
  30 2F4(Hz)                    Num   0%  52%  48%     0 /  0%  1922 /  3%  6122 
  31 3Int(dB)                   Num   0%  10%  90%     0 /  0%     2 /  0%   776 
  32 3Pitch(Hz)                 Num   0%  52%  48%     0 /  0%   559 /  1%  3828 
  33 3RawPitch                  Num   0%  55%  45%     0 /  0%   613 /  1%  3808 
  34 3SmPitch                   Num   0%  53%  47%     0 /  0%   575 /  1%  3802 
  35 3Melogram(st)              Num   0%  49%  51%     0 /  0%   269 /  0%  3285 
  36 3ZCross                    Num   0% 100%   0%     0 /  0%     3 /  0%    50 
  37 3F1(Hz)                    Num   0%  52%  48%     0 /  0%  1075 /  2%  4783 
  38 3F2(Hz)                    Num   0%  52%  48%     0 /  0%  2270 /  4%  6724 
  39 3F3(Hz)                    Num   0%  52%  48%     0 /  0%  1945 /  3%  6241 
  40 3F4(Hz)                    Num   0%  52%  48%     0 /  0%  1922 /  3%  6122 
  41 4Int(dB)                   Num   0%  10%  90%     0 /  0%     3 /  0%   777 
  42 4Pitch(Hz)                 Num   0%  52%  48%     0 /  0%   559 /  1%  3828 
  43 4RawPitch                  Num   0%  55%  45%     0 /  0%   613 /  1%  3808 
  44 4SmPitch                   Num   0%  53%  47%     0 /  0%   575 /  1%  3802 
  45 4Melogram(st)              Num   0%  49%  51%     0 /  0%   269 /  0%  3285 
  46 4ZCross                    Num   0% 100%   0%     0 /  0%     3 /  0%    50 
  47 4F1(Hz)                    Num   0%  52%  48%     0 /  0%  1075 /  2%  4783 
  48 4F2(Hz)                    Num   0%  52%  48%     0 /  0%  2270 /  4%  6724 
  49 4F3(Hz)                    Num   0%  52%  48%     0 /  0%  1945 /  3%  6241 
  50 4F4(Hz)                    Num   0%  52%  48%     0 /  0%  1922 /  3%  6122 
  51 class                      Nom 100%   0%   0%     0 /  0%     0 /  0%    13 


Options: -I 10 -K 0 -S 1 -num-slots 4 

Random forest of 10 trees, each constructed while considering 6 random features.
Out of bag error: 0.1802





=== Stratified cross-validation ===

Correctly Classified Instances       53325               87.2307 %
Incorrectly Classified Instances      7806               12.7693 %
Kappa statistic                          0.8386
K&B Relative Info Score            4884965.2055 %
K&B Information Score               141355.7787 bits      2.3123 bits/instance
Class complexity | order 0          176874.5552 bits      2.8934 bits/instance
Class complexity | scheme          2431485.0571 bits     39.775  bits/instance
Complexity improvement     (Sf)    -2254610.5018 bits    -36.8816 bits/instance
Mean absolute error                      0.0349
Root mean squared error                  0.1251
Relative absolute error                 28.4636 %
Root relative squared error             50.4979 %
Coverage of cases (0.95 level)          96.3374 %
Mean rel. region size (0.95 level)      17.4398 %
Total Number of Instances            61131     


=== Detailed Accuracy By Class ===

                 TP Rate  FP Rate  Precision  Recall   F-Measure  MCC      ROC Area  PRC Area  Class
                 0,924    0,021    0,892      0,924    0,908      0,890    0,977     0,949     a
                 0,739    0,007    0,777      0,739    0,757      0,750    0,938     0,794     b
                 0,900    0,011    0,870      0,900    0,885      0,875    0,980     0,927     e
                 0,845    0,002    0,893      0,845    0,868      0,867    0,985     0,910     d
                 0,637    0,003    0,775      0,637    0,699      0,698    0,934     0,713     f
                 0,869    0,004    0,888      0,869    0,878      0,873    0,971     0,910     i
                 0,414    0,007    0,548      0,414    0,472      0,467    0,855     0,409     k
                 0,747    0,001    0,910      0,747    0,821      0,823    0,943     0,821     j
                 0,774    0,020    0,802      0,774    0,787      0,766    0,951     0,838     l
                 0,831    0,007    0,904      0,831    0,866      0,857    0,957     0,886     o
                 0,942    0,063    0,905      0,942    0,923      0,873    0,982     0,966     0
                 0,753    0,014    0,768      0,753    0,761      0,746    0,960     0,804     s
                 0,898    0,001    0,949      0,898    0,923      0,921    0,985     0,947     u
Weighted Avg.    0,872    0,032    0,870      0,872    0,870      0,843    0,970     0,908     


=== Confusion Matrix ===

     a     b     c     d     e     f     g     h     i     j     k     l     m   <-- classified as
  8854    28    50    11    11    21    58     6   158    42   270    74     2 |     a = a
    72  1439    42     2     9    22    24     1    83    21   184    37    12 |     b = b
    80    34  4161    13    13    27    17     7   106    19   102    36     6 |     c = e
    27     5    31   764     4     2     0     0    14    29    14    12     2 |     d = d
    35    23    30     4   550    10     6     5    38    19    48    93     3 |     e = f
    32    27    62     1     8  2069     8     2    45     4    99    23     2 |     f = i
    75    27    24     1     7    21   494     5   104    19   291   119     5 |     g = k
    37     7    20     1     8     3     6   518    22     3    23    41     4 |     h = j
   285    71   139    10    14    39    91     3  4503    65   482   102    15 |     i = l
    91    29    36    21    16    10    21     1    93  3707   400    34     4 |     j = o
   234   104   145    20    20    78   100    10   300   126 22347   228    10 |     k = 0
    82    47    31     7    48    23    71    10   114    33   409  2675     2 |     l = s
    21    12    13     1     2     6     6     1    38    14    20     8  1244 |     m = u

=== Percent Confusion Matrix ===
a	b	c	d	e	f	g	h	i	j	k	l	m	
92.37	0.29	0.52	0.11	0.11	0.22	0.61	0.06	1.65	0.44	2.82	0.77	0.02	 a = a
3.7	73.87	2.16	0.1	0.46	1.13	1.23	0.05	4.26	1.08	9.45	1.9	0.62	 b = b
1.73	0.74	90.05	0.28	0.28	0.58	0.37	0.15	2.29	0.41	2.21	0.78	0.13	 c = e
2.99	0.55	3.43	84.51	0.44	0.22	0.0	0.0	1.55	3.21	1.55	1.33	0.22	 d = d
4.05	2.66	3.47	0.46	63.66	1.16	0.69	0.58	4.4	2.2	5.56	10.76	0.35	 e = f
1.34	1.13	2.6	0.04	0.34	86.86	0.34	0.08	1.89	0.17	4.16	0.97	0.08	 f = i
6.29	2.27	2.01	0.08	0.59	1.76	41.44	0.42	8.72	1.59	24.41	9.98	0.42	 g = k
5.34	1.01	2.89	0.14	1.15	0.43	0.87	74.75	3.17	0.43	3.32	5.92	0.58	 h = j
4.9	1.22	2.39	0.17	0.24	0.67	1.56	0.05	77.38	1.12	8.28	1.75	0.26	 i = l
2.04	0.65	0.81	0.47	0.36	0.22	0.47	0.02	2.08	83.06	8.96	0.76	0.09	 j = o
0.99	0.44	0.61	0.08	0.08	0.33	0.42	0.04	1.26	0.53	94.2	0.96	0.04	 k = 0
2.31	1.32	0.87	0.2	1.35	0.65	2.0	0.28	3.21	0.93	11.51	75.31	0.06	 l = s
1.52	0.87	0.94	0.07	0.14	0.43	0.43	0.07	2.74	1.01	1.44	0.58	89.75	 m = u
