Timestamp:2013-07-22-21:14:08
Inventario:I1
Intervalo:3ms
Ngramas:2
Clasificador:RandomForest
Relation Name:  I1-3ms-2gramas
Num Instances:  61134
Num Attributes: 21

     Name                      Type  Nom  Int Real     Missing      Unique  Dist
   1 0Int(dB)                   Num   0%  10%  90%     0 /  0%     2 /  0%   776 
   2 0Pitch(Hz)                 Num   0%  52%  48%     0 /  0%   559 /  1%  3828 
   3 0RawPitch                  Num   0%  55%  45%     0 /  0%   613 /  1%  3808 
   4 0SmPitch                   Num   0%  53%  47%     0 /  0%   575 /  1%  3802 
   5 0Melogram(st)              Num   0%  49%  51%     0 /  0%   269 /  0%  3285 
   6 0ZCross                    Num   0% 100%   0%     0 /  0%     3 /  0%    50 
   7 0F1(Hz)                    Num   0%  52%  48%     0 /  0%  1075 /  2%  4783 
   8 0F2(Hz)                    Num   0%  52%  48%     0 /  0%  2270 /  4%  6724 
   9 0F3(Hz)                    Num   0%  52%  48%     0 /  0%  1945 /  3%  6241 
  10 0F4(Hz)                    Num   0%  52%  48%     0 /  0%  1922 /  3%  6122 
  11 1Int(dB)                   Num   0%  10%  90%     0 /  0%     3 /  0%   777 
  12 1Pitch(Hz)                 Num   0%  52%  48%     0 /  0%   559 /  1%  3828 
  13 1RawPitch                  Num   0%  55%  45%     0 /  0%   613 /  1%  3808 
  14 1SmPitch                   Num   0%  53%  47%     0 /  0%   575 /  1%  3802 
  15 1Melogram(st)              Num   0%  49%  51%     0 /  0%   269 /  0%  3285 
  16 1ZCross                    Num   0% 100%   0%     0 /  0%     3 /  0%    50 
  17 1F1(Hz)                    Num   0%  52%  48%     0 /  0%  1075 /  2%  4783 
  18 1F2(Hz)                    Num   0%  52%  48%     0 /  0%  2270 /  4%  6724 
  19 1F3(Hz)                    Num   0%  52%  48%     0 /  0%  1945 /  3%  6241 
  20 1F4(Hz)                    Num   0%  52%  48%     0 /  0%  1922 /  3%  6122 
  21 class                      Nom 100%   0%   0%     0 /  0%     0 /  0%    13 


Options: -I 10 -K 0 -S 1 -num-slots 4 

Random forest of 10 trees, each constructed while considering 5 random features.
Out of bag error: 0.1876





=== Stratified cross-validation ===

Correctly Classified Instances       51911               84.9135 %
Incorrectly Classified Instances      9223               15.0865 %
Kappa statistic                          0.8103
K&B Relative Info Score            4806424.3591 %
K&B Information Score               139081.222  bits      2.275  bits/instance
Class complexity | order 0          176878.6521 bits      2.8933 bits/instance
Class complexity | scheme          3742748.1712 bits     61.222  bits/instance
Complexity improvement     (Sf)    -3565869.5191 bits    -58.3287 bits/instance
Mean absolute error                      0.0348
Root mean squared error                  0.1335
Relative absolute error                 28.385  %
Root relative squared error             53.9246 %
Coverage of cases (0.95 level)          94.1587 %
Mean rel. region size (0.95 level)      15.6767 %
Total Number of Instances            61134     


=== Detailed Accuracy By Class ===

                 TP Rate  FP Rate  Precision  Recall   F-Measure  MCC      ROC Area  PRC Area  Class
                 0,913    0,023    0,879      0,913    0,896      0,876    0,972     0,938     a
                 0,727    0,008    0,755      0,727    0,741      0,732    0,917     0,745     b
                 0,892    0,013    0,852      0,892    0,871      0,861    0,973     0,916     e
                 0,804    0,002    0,850      0,804    0,827      0,824    0,972     0,863     d
                 0,616    0,004    0,695      0,616    0,653      0,649    0,899     0,620     f
                 0,864    0,006    0,858      0,864    0,861      0,856    0,967     0,891     i
                 0,343    0,010    0,399      0,343    0,369      0,358    0,800     0,272     k
                 0,698    0,002    0,803      0,698    0,747      0,746    0,923     0,742     j
                 0,745    0,025    0,756      0,745    0,750      0,724    0,930     0,789     l
                 0,821    0,011    0,854      0,821    0,837      0,825    0,946     0,863     o
                 0,916    0,060    0,907      0,916    0,911      0,855    0,973     0,951     0
                 0,687    0,018    0,697      0,687    0,692      0,673    0,925     0,703     s
                 0,889    0,001    0,938      0,889    0,913      0,911    0,981     0,938     u
Weighted Avg.    0,849    0,033    0,847      0,849    0,848      0,817    0,957     0,879     


=== Confusion Matrix ===

     a     b     c     d     e     f     g     h     i     j     k     l     m   <-- classified as
  8750    34    70    10    13    22    52     8   196    75   262    89     4 |     a = a
    62  1416    45     4     8    38    23     2    95    31   160    53    11 |     b = b
    82    32  4120    15    13    29    30     6   119    18   112    39     6 |     c = e
    32     9    28   727     3     1     1     0    35    35    20    10     3 |     d = d
    38    14    27     5   532    14    18     6    48    21    37   103     1 |     e = f
    30    28    58     0    15  2059    15     2    48    11    87    25     4 |     f = i
    71    29    43     1    16    17   409    16   106    35   283   160     6 |     g = k
    44     2    25     0    10     7    16   484    24     2    38    37     4 |     h = j
   288    79   159    23    32    63   105    17  4336   101   450   154    12 |     i = l
   107    32    51    31    23    14    22     2   114  3665   342    49    11 |     j = o
   320   137   161    30    32    99   196    32   415   213 21740   335    15 |     k = 0
   118    50    34     7    64    30   129    26   160    59   430  2441     4 |     l = s
    13    14    15     2     5     7    10     2    41    24    16     5  1232 |     m = u

=== Percent Confusion Matrix ===
a	b	c	d	e	f	g	h	i	j	k	l	m	
91.29	0.35	0.73	0.1	0.14	0.23	0.54	0.08	2.04	0.78	2.73	0.93	0.04	 a = a
3.18	72.69	2.31	0.21	0.41	1.95	1.18	0.1	4.88	1.59	8.21	2.72	0.56	 b = b
1.77	0.69	89.16	0.32	0.28	0.63	0.65	0.13	2.58	0.39	2.42	0.84	0.13	 c = e
3.54	1.0	3.1	80.42	0.33	0.11	0.11	0.0	3.87	3.87	2.21	1.11	0.33	 d = d
4.4	1.62	3.13	0.58	61.57	1.62	2.08	0.69	5.56	2.43	4.28	11.92	0.12	 e = f
1.26	1.18	2.43	0.0	0.63	86.44	0.63	0.08	2.02	0.46	3.65	1.05	0.17	 f = i
5.96	2.43	3.61	0.08	1.34	1.43	34.31	1.34	8.89	2.94	23.74	13.42	0.5	 g = k
6.35	0.29	3.61	0.0	1.44	1.01	2.31	69.84	3.46	0.29	5.48	5.34	0.58	 h = j
4.95	1.36	2.73	0.4	0.55	1.08	1.8	0.29	74.51	1.74	7.73	2.65	0.21	 i = l
2.4	0.72	1.14	0.69	0.52	0.31	0.49	0.04	2.55	82.12	7.66	1.1	0.25	 j = o
1.35	0.58	0.68	0.13	0.13	0.42	0.83	0.13	1.75	0.9	91.63	1.41	0.06	 k = 0
3.32	1.41	0.96	0.2	1.8	0.84	3.63	0.73	4.5	1.66	12.11	68.72	0.11	 l = s
0.94	1.01	1.08	0.14	0.36	0.51	0.72	0.14	2.96	1.73	1.15	0.36	88.89	 m = u
