Timestamp:2013-07-22-21:15:14
Inventario:I1
Intervalo:3ms
Ngramas:3
Clasificador:RandomForest
Relation Name:  I1-3ms-3gramas
Num Instances:  61133
Num Attributes: 31

     Name                      Type  Nom  Int Real     Missing      Unique  Dist
   1 0Int(dB)                   Num   0%  10%  90%     0 /  0%     2 /  0%   776 
   2 0Pitch(Hz)                 Num   0%  52%  48%     0 /  0%   559 /  1%  3828 
   3 0RawPitch                  Num   0%  55%  45%     0 /  0%   613 /  1%  3808 
   4 0SmPitch                   Num   0%  53%  47%     0 /  0%   575 /  1%  3802 
   5 0Melogram(st)              Num   0%  49%  51%     0 /  0%   269 /  0%  3285 
   6 0ZCross                    Num   0% 100%   0%     0 /  0%     3 /  0%    50 
   7 0F1(Hz)                    Num   0%  52%  48%     0 /  0%  1075 /  2%  4783 
   8 0F2(Hz)                    Num   0%  52%  48%     0 /  0%  2270 /  4%  6724 
   9 0F3(Hz)                    Num   0%  52%  48%     0 /  0%  1945 /  3%  6241 
  10 0F4(Hz)                    Num   0%  52%  48%     0 /  0%  1922 /  3%  6122 
  11 1Int(dB)                   Num   0%  10%  90%     0 /  0%     2 /  0%   776 
  12 1Pitch(Hz)                 Num   0%  52%  48%     0 /  0%   559 /  1%  3828 
  13 1RawPitch                  Num   0%  55%  45%     0 /  0%   613 /  1%  3808 
  14 1SmPitch                   Num   0%  53%  47%     0 /  0%   575 /  1%  3802 
  15 1Melogram(st)              Num   0%  49%  51%     0 /  0%   269 /  0%  3285 
  16 1ZCross                    Num   0% 100%   0%     0 /  0%     3 /  0%    50 
  17 1F1(Hz)                    Num   0%  52%  48%     0 /  0%  1075 /  2%  4783 
  18 1F2(Hz)                    Num   0%  52%  48%     0 /  0%  2270 /  4%  6724 
  19 1F3(Hz)                    Num   0%  52%  48%     0 /  0%  1945 /  3%  6241 
  20 1F4(Hz)                    Num   0%  52%  48%     0 /  0%  1922 /  3%  6122 
  21 2Int(dB)                   Num   0%  10%  90%     0 /  0%     3 /  0%   777 
  22 2Pitch(Hz)                 Num   0%  52%  48%     0 /  0%   559 /  1%  3828 
  23 2RawPitch                  Num   0%  55%  45%     0 /  0%   613 /  1%  3808 
  24 2SmPitch                   Num   0%  53%  47%     0 /  0%   575 /  1%  3802 
  25 2Melogram(st)              Num   0%  49%  51%     0 /  0%   269 /  0%  3285 
  26 2ZCross                    Num   0% 100%   0%     0 /  0%     3 /  0%    50 
  27 2F1(Hz)                    Num   0%  52%  48%     0 /  0%  1075 /  2%  4783 
  28 2F2(Hz)                    Num   0%  52%  48%     0 /  0%  2270 /  4%  6724 
  29 2F3(Hz)                    Num   0%  52%  48%     0 /  0%  1945 /  3%  6241 
  30 2F4(Hz)                    Num   0%  52%  48%     0 /  0%  1922 /  3%  6122 
  31 class                      Nom 100%   0%   0%     0 /  0%     0 /  0%    13 


Options: -I 10 -K 0 -S 1 -num-slots 4 

Random forest of 10 trees, each constructed while considering 5 random features.
Out of bag error: 0.1838





=== Stratified cross-validation ===

Correctly Classified Instances       52521               85.9127 %
Incorrectly Classified Instances      8612               14.0873 %
Kappa statistic                          0.8222
K&B Relative Info Score            4835771.5632 %
K&B Information Score               139931.5701 bits      2.289  bits/instance
Class complexity | order 0          176877.2865 bits      2.8933 bits/instance
Class complexity | scheme          3060069.2106 bits     50.0559 bits/instance
Complexity improvement     (Sf)    -2883191.924 bits    -47.1626 bits/instance
Mean absolute error                      0.035 
Root mean squared error                  0.129 
Relative absolute error                 28.5636 %
Root relative squared error             52.0943 %
Coverage of cases (0.95 level)          95.3707 %
Mean rel. region size (0.95 level)      16.7871 %
Total Number of Instances            61133     


=== Detailed Accuracy By Class ===

                 TP Rate  FP Rate  Precision  Recall   F-Measure  MCC      ROC Area  PRC Area  Class
                 0,913    0,022    0,885      0,913    0,899      0,880    0,974     0,944     a
                 0,736    0,008    0,763      0,736    0,749      0,741    0,925     0,769     b
                 0,893    0,012    0,860      0,893    0,876      0,866    0,975     0,918     e
                 0,840    0,002    0,884      0,840    0,861      0,859    0,978     0,895     d
                 0,618    0,003    0,724      0,618    0,667      0,664    0,917     0,668     f
                 0,858    0,005    0,878      0,858    0,868      0,863    0,969     0,898     i
                 0,367    0,009    0,454      0,367    0,406      0,398    0,830     0,336     k
                 0,722    0,002    0,846      0,722    0,779      0,779    0,932     0,779     j
                 0,754    0,023    0,773      0,754    0,763      0,739    0,939     0,813     l
                 0,827    0,008    0,885      0,827    0,855      0,845    0,952     0,875     o
                 0,930    0,064    0,902      0,930    0,916      0,861    0,978     0,959     0
                 0,718    0,016    0,735      0,718    0,727      0,710    0,943     0,763     s
                 0,892    0,001    0,949      0,892    0,920      0,918    0,983     0,939     u
Weighted Avg.    0,859    0,034    0,856      0,859    0,857      0,828    0,963     0,894     


=== Confusion Matrix ===

     a     b     c     d     e     f     g     h     i     j     k     l     m   <-- classified as
  8755    39    52    10    13    17    49    10   182    59   322    72     5 |     a = a
    67  1434    32     4    13    27    19     1   112    33   157    43     6 |     b = b
    66    33  4127    15    13    32    31     7   105    22   135    29     6 |     c = e
    29     0    25   759     3     2     1     0    40    21     8    14     2 |     d = d
    39    17    30     2   534    15    15     4    40    20    47    99     2 |     e = f
    41    27    62     2    14  2044    11     3    53     6    95    22     2 |     f = i
    62    22    42     0     6    16   437     7   101    26   306   160     7 |     g = k
    33    11    27     1     6     4    10   500    16     4    29    48     4 |     h = j
   300    88   143    17    20    45   114     6  4387    69   489   130    11 |     i = l
   111    27    37    23    12    10    24     6   104  3690   371    41     7 |     j = o
   278   124   185    11    31    76   143    24   358   161 22066   254    13 |     k = 0
    94    41    27    13    73    30    95    20   142    40   424  2551     2 |     l = s
    14    17    12     2     0    10    13     3    35    17    19     7  1237 |     m = u

=== Percent Confusion Matrix ===
a	b	c	d	e	f	g	h	i	j	k	l	m	
91.34	0.41	0.54	0.1	0.14	0.18	0.51	0.1	1.9	0.62	3.36	0.75	0.05	 a = a
3.44	73.61	1.64	0.21	0.67	1.39	0.98	0.05	5.75	1.69	8.06	2.21	0.31	 b = b
1.43	0.71	89.31	0.32	0.28	0.69	0.67	0.15	2.27	0.48	2.92	0.63	0.13	 c = e
3.21	0.0	2.77	83.96	0.33	0.22	0.11	0.0	4.42	2.32	0.88	1.55	0.22	 d = d
4.51	1.97	3.47	0.23	61.81	1.74	1.74	0.46	4.63	2.31	5.44	11.46	0.23	 e = f
1.72	1.13	2.6	0.08	0.59	85.81	0.46	0.13	2.23	0.25	3.99	0.92	0.08	 f = i
5.2	1.85	3.52	0.0	0.5	1.34	36.66	0.59	8.47	2.18	25.67	13.42	0.59	 g = k
4.76	1.59	3.9	0.14	0.87	0.58	1.44	72.15	2.31	0.58	4.18	6.93	0.58	 h = j
5.16	1.51	2.46	0.29	0.34	0.77	1.96	0.1	75.39	1.19	8.4	2.23	0.19	 i = l
2.49	0.6	0.83	0.52	0.27	0.22	0.54	0.13	2.33	82.68	8.31	0.92	0.16	 j = o
1.17	0.52	0.78	0.05	0.13	0.32	0.6	0.1	1.51	0.68	93.01	1.07	0.05	 k = 0
2.65	1.15	0.76	0.37	2.06	0.84	2.67	0.56	4.0	1.13	11.94	71.82	0.06	 l = s
1.01	1.23	0.87	0.14	0.0	0.72	0.94	0.22	2.53	1.23	1.37	0.51	89.25	 m = u
