Timestamp:2013-07-23-02:57:05
Inventario:I1
Intervalo:6ms
Ngramas:4
Clasificador:RandomForest
Relation Name:  I1-6ms-4gramas
Num Instances:  30450
Num Attributes: 41

     Name                      Type  Nom  Int Real     Missing      Unique  Dist
   1 0Int(dB)                   Num   0%  10%  90%     0 /  0%     2 /  0%   776 
   2 0Pitch(Hz)                 Num   0%  51%  49%     0 /  0%   750 /  2%  3423 
   3 0RawPitch                  Num   0%  55%  45%     0 /  0%   699 /  2%  3337 
   4 0SmPitch                   Num   0%  53%  47%     0 /  0%   748 /  2%  3382 
   5 0Melogram(st)              Num   0%  48%  52%     0 /  0%   413 /  1%  3048 
   6 0ZCross                    Num   0% 100%   0%     0 /  0%     8 /  0%    47 
   7 0F1(Hz)                    Num   0%  52%  48%     0 /  0%  1130 /  4%  4802 
   8 0F2(Hz)                    Num   0%  51%  49%     0 /  0%  2251 /  7%  6691 
   9 0F3(Hz)                    Num   0%  52%  48%     0 /  0%  1969 /  6%  6255 
  10 0F4(Hz)                    Num   0%  52%  48%     0 /  0%  1938 /  6%  6099 
  11 1Int(dB)                   Num   0%  10%  90%     0 /  0%     2 /  0%   776 
  12 1Pitch(Hz)                 Num   0%  51%  49%     0 /  0%   750 /  2%  3423 
  13 1RawPitch                  Num   0%  55%  45%     0 /  0%   699 /  2%  3337 
  14 1SmPitch                   Num   0%  53%  47%     0 /  0%   748 /  2%  3382 
  15 1Melogram(st)              Num   0%  48%  52%     0 /  0%   413 /  1%  3048 
  16 1ZCross                    Num   0% 100%   0%     0 /  0%     8 /  0%    47 
  17 1F1(Hz)                    Num   0%  52%  48%     0 /  0%  1130 /  4%  4802 
  18 1F2(Hz)                    Num   0%  51%  49%     0 /  0%  2251 /  7%  6691 
  19 1F3(Hz)                    Num   0%  52%  48%     0 /  0%  1969 /  6%  6255 
  20 1F4(Hz)                    Num   0%  52%  48%     0 /  0%  1938 /  6%  6099 
  21 2Int(dB)                   Num   0%  10%  90%     0 /  0%     2 /  0%   776 
  22 2Pitch(Hz)                 Num   0%  51%  49%     0 /  0%   750 /  2%  3423 
  23 2RawPitch                  Num   0%  55%  45%     0 /  0%   699 /  2%  3337 
  24 2SmPitch                   Num   0%  53%  47%     0 /  0%   748 /  2%  3382 
  25 2Melogram(st)              Num   0%  48%  52%     0 /  0%   413 /  1%  3048 
  26 2ZCross                    Num   0% 100%   0%     0 /  0%     8 /  0%    47 
  27 2F1(Hz)                    Num   0%  52%  48%     0 /  0%  1130 /  4%  4802 
  28 2F2(Hz)                    Num   0%  51%  49%     0 /  0%  2251 /  7%  6691 
  29 2F3(Hz)                    Num   0%  52%  48%     0 /  0%  1969 /  6%  6255 
  30 2F4(Hz)                    Num   0%  52%  48%     0 /  0%  1938 /  6%  6099 
  31 3Int(dB)                   Num   0%  10%  90%     0 /  0%     3 /  0%   777 
  32 3Pitch(Hz)                 Num   0%  51%  49%     0 /  0%   750 /  2%  3423 
  33 3RawPitch                  Num   0%  55%  45%     0 /  0%   699 /  2%  3337 
  34 3SmPitch                   Num   0%  53%  47%     0 /  0%   748 /  2%  3382 
  35 3Melogram(st)              Num   0%  48%  52%     0 /  0%   413 /  1%  3048 
  36 3ZCross                    Num   0% 100%   0%     0 /  0%     8 /  0%    47 
  37 3F1(Hz)                    Num   0%  52%  48%     0 /  0%  1130 /  4%  4802 
  38 3F2(Hz)                    Num   0%  51%  49%     0 /  0%  2251 /  7%  6691 
  39 3F3(Hz)                    Num   0%  52%  48%     0 /  0%  1969 /  6%  6255 
  40 3F4(Hz)                    Num   0%  52%  48%     0 /  0%  1938 /  6%  6099 
  41 class                      Nom 100%   0%   0%     0 /  0%     0 /  0%    13 


Options: -I 10 -K 0 -S 1 -num-slots 4 

Random forest of 10 trees, each constructed while considering 6 random features.
Out of bag error: 0.2442





=== Stratified cross-validation ===

Correctly Classified Instances       24914               81.8194 %
Incorrectly Classified Instances      5536               18.1806 %
Kappa statistic                          0.7714
K&B Relative Info Score            2220837.9995 %
K&B Information Score                64628.9465 bits      2.1225 bits/instance
Class complexity | order 0           88595.3932 bits      2.9095 bits/instance
Class complexity | scheme          1595031.7922 bits     52.382  bits/instance
Complexity improvement     (Sf)    -1506436.399 bits    -49.4725 bits/instance
Mean absolute error                      0.046 
Root mean squared error                  0.1463
Relative absolute error                 37.3286 %
Root relative squared error             58.9262 %
Coverage of cases (0.95 level)          95.179  %
Mean rel. region size (0.95 level)      20.4156 %
Total Number of Instances            30450     


=== Detailed Accuracy By Class ===

                 TP Rate  FP Rate  Precision  Recall   F-Measure  MCC      ROC Area  PRC Area  Class
                 0,892    0,037    0,819      0,892    0,854      0,826    0,968     0,916     a
                 0,637    0,009    0,692      0,637    0,663      0,653    0,916     0,670     b
                 0,824    0,023    0,749      0,824    0,785      0,767    0,963     0,838     e
                 0,673    0,003    0,751      0,673    0,710      0,707    0,967     0,747     d
                 0,447    0,004    0,636      0,447    0,525      0,527    0,905     0,533     f
                 0,790    0,008    0,802      0,790    0,796      0,787    0,960     0,827     i
                 0,366    0,008    0,474      0,366    0,413      0,406    0,829     0,324     k
                 0,570    0,001    0,889      0,570    0,694      0,709    0,916     0,682     j
                 0,683    0,030    0,706      0,683    0,694      0,662    0,928     0,727     l
                 0,743    0,013    0,821      0,743    0,780      0,764    0,941     0,807     o
                 0,925    0,066    0,897      0,925    0,910      0,854    0,974     0,956     0
                 0,693    0,016    0,729      0,693    0,711      0,693    0,947     0,743     s
                 0,783    0,002    0,919      0,783    0,846      0,845    0,970     0,874     u
Weighted Avg.    0,818    0,038    0,815      0,818    0,815      0,782    0,957     0,854     


=== Confusion Matrix ===

     a     b     c     d     e     f     g     h     i     j     k     l     m   <-- classified as
  4303    23    84     7    15    19    19     3   110    46   157    34     5 |     a = a
    65   624    29     6     6    27    11     1    65    21   102    16     7 |     b = b
   106    30  1933    12     4    30    18     4   100    22    62    23     3 |     c = e
    40     1    27   305     3     4     0     1    30    27    11     3     1 |     d = d
    43    12    40     8   192     6     9     2    30    13    22    52     1 |     e = f
    26    14    92     2     4   953    12     2    29     7    41    23     1 |     f = i
    38    16    14     1    10    11   217     1    48    15   160    61     1 |     g = k
    34     7    29     0     8     9     5   200    15     3    17    22     2 |     h = j
   240    61   118    21    11    42    55     4  1999    73   236    57    10 |     i = l
   111    29    60    21     3    12     9     1    99  1672   197    30     7 |     j = o
   171    48   105     8    17    49    53     3   188    88 10735   133    10 |     k = 0
    60    24    27    12    28    23    43     2    92    15   221  1235     0 |     l = s
    19    13    22     3     1     4     7     1    28    35    13     5   546 |     m = u

=== Percent Confusion Matrix ===
a	b	c	d	e	f	g	h	i	j	k	l	m	
89.18	0.48	1.74	0.15	0.31	0.39	0.39	0.06	2.28	0.95	3.25	0.7	0.1	 a = a
6.63	63.67	2.96	0.61	0.61	2.76	1.12	0.1	6.63	2.14	10.41	1.63	0.71	 b = b
4.52	1.28	82.36	0.51	0.17	1.28	0.77	0.17	4.26	0.94	2.64	0.98	0.13	 c = e
8.83	0.22	5.96	67.33	0.66	0.88	0.0	0.22	6.62	5.96	2.43	0.66	0.22	 d = d
10.0	2.79	9.3	1.86	44.65	1.4	2.09	0.47	6.98	3.02	5.12	12.09	0.23	 e = f
2.16	1.16	7.63	0.17	0.33	79.02	1.0	0.17	2.4	0.58	3.4	1.91	0.08	 f = i
6.41	2.7	2.36	0.17	1.69	1.85	36.59	0.17	8.09	2.53	26.98	10.29	0.17	 g = k
9.69	1.99	8.26	0.0	2.28	2.56	1.42	56.98	4.27	0.85	4.84	6.27	0.57	 h = j
8.2	2.08	4.03	0.72	0.38	1.43	1.88	0.14	68.3	2.49	8.06	1.95	0.34	 i = l
4.93	1.29	2.67	0.93	0.13	0.53	0.4	0.04	4.4	74.28	8.75	1.33	0.31	 j = o
1.47	0.41	0.9	0.07	0.15	0.42	0.46	0.03	1.62	0.76	92.48	1.15	0.09	 k = 0
3.37	1.35	1.52	0.67	1.57	1.29	2.41	0.11	5.16	0.84	12.4	69.3	0.0	 l = s
2.73	1.87	3.16	0.43	0.14	0.57	1.0	0.14	4.02	5.02	1.87	0.72	78.34	 m = u
