Timestamp:2013-07-23-02:56:28
Inventario:I1
Intervalo:6ms
Ngramas:3
Clasificador:RandomForest
Relation Name:  I1-6ms-3gramas
Num Instances:  30451
Num Attributes: 31

     Name                      Type  Nom  Int Real     Missing      Unique  Dist
   1 0Int(dB)                   Num   0%  10%  90%     0 /  0%     2 /  0%   776 
   2 0Pitch(Hz)                 Num   0%  51%  49%     0 /  0%   750 /  2%  3423 
   3 0RawPitch                  Num   0%  55%  45%     0 /  0%   699 /  2%  3337 
   4 0SmPitch                   Num   0%  53%  47%     0 /  0%   748 /  2%  3382 
   5 0Melogram(st)              Num   0%  48%  52%     0 /  0%   413 /  1%  3048 
   6 0ZCross                    Num   0% 100%   0%     0 /  0%     8 /  0%    47 
   7 0F1(Hz)                    Num   0%  52%  48%     0 /  0%  1130 /  4%  4802 
   8 0F2(Hz)                    Num   0%  51%  49%     0 /  0%  2251 /  7%  6691 
   9 0F3(Hz)                    Num   0%  52%  48%     0 /  0%  1969 /  6%  6255 
  10 0F4(Hz)                    Num   0%  52%  48%     0 /  0%  1938 /  6%  6099 
  11 1Int(dB)                   Num   0%  10%  90%     0 /  0%     2 /  0%   776 
  12 1Pitch(Hz)                 Num   0%  51%  49%     0 /  0%   750 /  2%  3423 
  13 1RawPitch                  Num   0%  55%  45%     0 /  0%   699 /  2%  3337 
  14 1SmPitch                   Num   0%  53%  47%     0 /  0%   748 /  2%  3382 
  15 1Melogram(st)              Num   0%  48%  52%     0 /  0%   413 /  1%  3048 
  16 1ZCross                    Num   0% 100%   0%     0 /  0%     8 /  0%    47 
  17 1F1(Hz)                    Num   0%  52%  48%     0 /  0%  1130 /  4%  4802 
  18 1F2(Hz)                    Num   0%  51%  49%     0 /  0%  2251 /  7%  6691 
  19 1F3(Hz)                    Num   0%  52%  48%     0 /  0%  1969 /  6%  6255 
  20 1F4(Hz)                    Num   0%  52%  48%     0 /  0%  1938 /  6%  6099 
  21 2Int(dB)                   Num   0%  10%  90%     0 /  0%     3 /  0%   777 
  22 2Pitch(Hz)                 Num   0%  51%  49%     0 /  0%   750 /  2%  3423 
  23 2RawPitch                  Num   0%  55%  45%     0 /  0%   699 /  2%  3337 
  24 2SmPitch                   Num   0%  53%  47%     0 /  0%   748 /  2%  3382 
  25 2Melogram(st)              Num   0%  48%  52%     0 /  0%   413 /  1%  3048 
  26 2ZCross                    Num   0% 100%   0%     0 /  0%     8 /  0%    47 
  27 2F1(Hz)                    Num   0%  52%  48%     0 /  0%  1130 /  4%  4802 
  28 2F2(Hz)                    Num   0%  51%  49%     0 /  0%  2251 /  7%  6691 
  29 2F3(Hz)                    Num   0%  52%  48%     0 /  0%  1969 /  6%  6255 
  30 2F4(Hz)                    Num   0%  52%  48%     0 /  0%  1938 /  6%  6099 
  31 class                      Nom 100%   0%   0%     0 /  0%     0 /  0%    13 


Options: -I 10 -K 0 -S 1 -num-slots 4 

Random forest of 10 trees, each constructed while considering 5 random features.
Out of bag error: 0.2519





=== Stratified cross-validation ===

Correctly Classified Instances       24485               80.4079 %
Incorrectly Classified Instances      5966               19.5921 %
Kappa statistic                          0.7541
K&B Relative Info Score            2194270.1434 %
K&B Information Score                63856.7307 bits      2.097  bits/instance
Class complexity | order 0           88596.7844 bits      2.9095 bits/instance
Class complexity | scheme          1778841.9945 bits     58.4165 bits/instance
Complexity improvement     (Sf)    -1690245.2101 bits    -55.5071 bits/instance
Mean absolute error                      0.0468
Root mean squared error                  0.1496
Relative absolute error                 37.9163 %
Root relative squared error             60.248  %
Coverage of cases (0.95 level)          94.6143 %
Mean rel. region size (0.95 level)      20.1406 %
Total Number of Instances            30451     


=== Detailed Accuracy By Class ===

                 TP Rate  FP Rate  Precision  Recall   F-Measure  MCC      ROC Area  PRC Area  Class
                 0,879    0,040    0,804      0,879    0,840      0,809    0,965     0,907     a
                 0,614    0,011    0,654      0,614    0,633      0,622    0,903     0,631     b
                 0,812    0,024    0,740      0,812    0,774      0,755    0,962     0,828     e
                 0,649    0,003    0,780      0,649    0,708      0,707    0,961     0,723     d
                 0,472    0,004    0,628      0,472    0,539      0,539    0,902     0,497     f
                 0,789    0,008    0,796      0,789    0,793      0,784    0,962     0,830     i
                 0,336    0,010    0,396      0,336    0,363      0,353    0,820     0,272     k
                 0,567    0,002    0,793      0,567    0,661      0,667    0,910     0,658     j
                 0,656    0,034    0,675      0,656    0,665      0,630    0,915     0,695     l
                 0,723    0,016    0,784      0,723    0,752      0,734    0,936     0,790     o
                 0,915    0,065    0,897      0,915    0,906      0,847    0,972     0,952     0
                 0,666    0,017    0,704      0,666    0,685      0,666    0,935     0,716     s
                 0,766    0,002    0,911      0,766    0,832      0,832    0,971     0,871     u
Weighted Avg.    0,804    0,039    0,801      0,804    0,801      0,766    0,952     0,842     


=== Confusion Matrix ===

     a     b     c     d     e     f     g     h     i     j     k     l     m   <-- classified as
  4243    28    97    11     7    14    25     5   126    61   153    53     2 |     a = a
    68   602    30     6    14    23    18     2    68    24    93    24     8 |     b = b
   112    37  1905     5    14    35    24     3    97    35    57    21     2 |     c = e
    29     5    21   294     0     1     0     1    40    38    11     8     5 |     d = d
    37    15    34     2   203     5    10     6    31    17    27    43     0 |     e = f
    28    20    87     1     5   952     8     2    41     3    44    12     3 |     f = i
    43    19    26     0     6     5   199     3    43    18   151    79     1 |     g = k
    42     4    24     3     6     7     7   199    14     1    12    29     3 |     h = j
   266    64   138    17    10    52    66     6  1920    77   234    70     7 |     i = l
   127    33    47    21    10    12    15     4   129  1627   196    20    10 |     j = o
   196    63   116    12    12    52    70     8   207   108 10620   136     9 |     k = 0
    68    16    32     2    34    31    54     6    95    29   226  1187     2 |     l = s
    20    15    18     3     2     7     6     6    34    37    12     3   534 |     m = u

=== Percent Confusion Matrix ===
a	b	c	d	e	f	g	h	i	j	k	l	m	
87.94	0.58	2.01	0.23	0.15	0.29	0.52	0.1	2.61	1.26	3.17	1.1	0.04	 a = a
6.94	61.43	3.06	0.61	1.43	2.35	1.84	0.2	6.94	2.45	9.49	2.45	0.82	 b = b
4.77	1.58	81.17	0.21	0.6	1.49	1.02	0.13	4.13	1.49	2.43	0.89	0.09	 c = e
6.4	1.1	4.64	64.9	0.0	0.22	0.0	0.22	8.83	8.39	2.43	1.77	1.1	 d = d
8.6	3.49	7.91	0.47	47.21	1.16	2.33	1.4	7.21	3.95	6.28	10.0	0.0	 e = f
2.32	1.66	7.21	0.08	0.41	78.94	0.66	0.17	3.4	0.25	3.65	1.0	0.25	 f = i
7.25	3.2	4.38	0.0	1.01	0.84	33.56	0.51	7.25	3.04	25.46	13.32	0.17	 g = k
11.97	1.14	6.84	0.85	1.71	1.99	1.99	56.7	3.99	0.28	3.42	8.26	0.85	 h = j
9.09	2.19	4.71	0.58	0.34	1.78	2.25	0.2	65.6	2.63	7.99	2.39	0.24	 i = l
5.64	1.47	2.09	0.93	0.44	0.53	0.67	0.18	5.73	72.28	8.71	0.89	0.44	 j = o
1.69	0.54	1.0	0.1	0.1	0.45	0.6	0.07	1.78	0.93	91.48	1.17	0.08	 k = 0
3.82	0.9	1.8	0.11	1.91	1.74	3.03	0.34	5.33	1.63	12.68	66.61	0.11	 l = s
2.87	2.15	2.58	0.43	0.29	1.0	0.86	0.86	4.88	5.31	1.72	0.43	76.61	 m = u
