Timestamp:2013-07-23-02:57:47
Inventario:I1
Intervalo:6ms
Ngramas:5
Clasificador:RandomForest
Relation Name:  I1-6ms-5gramas
Num Instances:  30449
Num Attributes: 51

     Name                      Type  Nom  Int Real     Missing      Unique  Dist
   1 0Int(dB)                   Num   0%  10%  90%     0 /  0%     2 /  0%   776 
   2 0Pitch(Hz)                 Num   0%  51%  49%     0 /  0%   750 /  2%  3423 
   3 0RawPitch                  Num   0%  55%  45%     0 /  0%   699 /  2%  3337 
   4 0SmPitch                   Num   0%  53%  47%     0 /  0%   748 /  2%  3382 
   5 0Melogram(st)              Num   0%  48%  52%     0 /  0%   413 /  1%  3048 
   6 0ZCross                    Num   0% 100%   0%     0 /  0%     8 /  0%    47 
   7 0F1(Hz)                    Num   0%  52%  48%     0 /  0%  1130 /  4%  4802 
   8 0F2(Hz)                    Num   0%  51%  49%     0 /  0%  2251 /  7%  6691 
   9 0F3(Hz)                    Num   0%  52%  48%     0 /  0%  1969 /  6%  6255 
  10 0F4(Hz)                    Num   0%  52%  48%     0 /  0%  1938 /  6%  6099 
  11 1Int(dB)                   Num   0%  10%  90%     0 /  0%     2 /  0%   776 
  12 1Pitch(Hz)                 Num   0%  51%  49%     0 /  0%   750 /  2%  3423 
  13 1RawPitch                  Num   0%  55%  45%     0 /  0%   699 /  2%  3337 
  14 1SmPitch                   Num   0%  53%  47%     0 /  0%   748 /  2%  3382 
  15 1Melogram(st)              Num   0%  48%  52%     0 /  0%   413 /  1%  3048 
  16 1ZCross                    Num   0% 100%   0%     0 /  0%     8 /  0%    47 
  17 1F1(Hz)                    Num   0%  52%  48%     0 /  0%  1130 /  4%  4802 
  18 1F2(Hz)                    Num   0%  51%  49%     0 /  0%  2251 /  7%  6691 
  19 1F3(Hz)                    Num   0%  52%  48%     0 /  0%  1969 /  6%  6255 
  20 1F4(Hz)                    Num   0%  52%  48%     0 /  0%  1938 /  6%  6099 
  21 2Int(dB)                   Num   0%  10%  90%     0 /  0%     2 /  0%   776 
  22 2Pitch(Hz)                 Num   0%  51%  49%     0 /  0%   750 /  2%  3423 
  23 2RawPitch                  Num   0%  55%  45%     0 /  0%   699 /  2%  3337 
  24 2SmPitch                   Num   0%  53%  47%     0 /  0%   748 /  2%  3382 
  25 2Melogram(st)              Num   0%  48%  52%     0 /  0%   413 /  1%  3048 
  26 2ZCross                    Num   0% 100%   0%     0 /  0%     8 /  0%    47 
  27 2F1(Hz)                    Num   0%  52%  48%     0 /  0%  1130 /  4%  4802 
  28 2F2(Hz)                    Num   0%  51%  49%     0 /  0%  2251 /  7%  6691 
  29 2F3(Hz)                    Num   0%  52%  48%     0 /  0%  1969 /  6%  6255 
  30 2F4(Hz)                    Num   0%  52%  48%     0 /  0%  1938 /  6%  6099 
  31 3Int(dB)                   Num   0%  10%  90%     0 /  0%     2 /  0%   776 
  32 3Pitch(Hz)                 Num   0%  51%  49%     0 /  0%   750 /  2%  3423 
  33 3RawPitch                  Num   0%  55%  45%     0 /  0%   699 /  2%  3337 
  34 3SmPitch                   Num   0%  53%  47%     0 /  0%   748 /  2%  3382 
  35 3Melogram(st)              Num   0%  48%  52%     0 /  0%   413 /  1%  3048 
  36 3ZCross                    Num   0% 100%   0%     0 /  0%     8 /  0%    47 
  37 3F1(Hz)                    Num   0%  52%  48%     0 /  0%  1130 /  4%  4802 
  38 3F2(Hz)                    Num   0%  51%  49%     0 /  0%  2251 /  7%  6691 
  39 3F3(Hz)                    Num   0%  52%  48%     0 /  0%  1969 /  6%  6255 
  40 3F4(Hz)                    Num   0%  52%  48%     0 /  0%  1938 /  6%  6099 
  41 4Int(dB)                   Num   0%  10%  90%     0 /  0%     3 /  0%   777 
  42 4Pitch(Hz)                 Num   0%  51%  49%     0 /  0%   750 /  2%  3423 
  43 4RawPitch                  Num   0%  55%  45%     0 /  0%   699 /  2%  3337 
  44 4SmPitch                   Num   0%  53%  47%     0 /  0%   748 /  2%  3382 
  45 4Melogram(st)              Num   0%  48%  52%     0 /  0%   413 /  1%  3048 
  46 4ZCross                    Num   0% 100%   0%     0 /  0%     8 /  0%    47 
  47 4F1(Hz)                    Num   0%  52%  48%     0 /  0%  1130 /  4%  4802 
  48 4F2(Hz)                    Num   0%  51%  49%     0 /  0%  2251 /  7%  6691 
  49 4F3(Hz)                    Num   0%  52%  48%     0 /  0%  1969 /  6%  6255 
  50 4F4(Hz)                    Num   0%  52%  48%     0 /  0%  1938 /  6%  6099 
  51 class                      Nom 100%   0%   0%     0 /  0%     0 /  0%    13 


Options: -I 10 -K 0 -S 1 -num-slots 4 

Random forest of 10 trees, each constructed while considering 6 random features.
Out of bag error: 0.2415





=== Stratified cross-validation ===

Correctly Classified Instances       25078               82.3607 %
Incorrectly Classified Instances      5371               17.6393 %
Kappa statistic                          0.7783
K&B Relative Info Score            2235332.4002 %
K&B Information Score                65056.5602 bits      2.1366 bits/instance
Class complexity | order 0           88594.0019 bits      2.9096 bits/instance
Class complexity | scheme          1402066.5711 bits     46.0464 bits/instance
Complexity improvement     (Sf)    -1313472.5692 bits    -43.1368 bits/instance
Mean absolute error                      0.0459
Root mean squared error                  0.145 
Relative absolute error                 37.2563 %
Root relative squared error             58.4178 %
Coverage of cases (0.95 level)          95.77   %
Mean rel. region size (0.95 level)      20.6279 %
Total Number of Instances            30449     


=== Detailed Accuracy By Class ===

                 TP Rate  FP Rate  Precision  Recall   F-Measure  MCC      ROC Area  PRC Area  Class
                 0,890    0,038    0,816      0,890    0,851      0,823    0,969     0,917     a
                 0,668    0,008    0,736      0,668    0,701      0,692    0,922     0,701     b
                 0,830    0,022    0,756      0,830    0,791      0,774    0,964     0,838     e
                 0,698    0,002    0,819      0,698    0,753      0,752    0,975     0,777     d
                 0,512    0,004    0,665      0,512    0,578      0,578    0,930     0,574     f
                 0,793    0,008    0,799      0,793    0,796      0,787    0,965     0,834     i
                 0,373    0,008    0,481      0,373    0,420      0,414    0,833     0,341     k
                 0,615    0,001    0,861      0,615    0,718      0,725    0,942     0,721     j
                 0,682    0,028    0,725      0,682    0,703      0,673    0,936     0,736     l
                 0,747    0,013    0,822      0,747    0,782      0,767    0,945     0,815     o
                 0,926    0,065    0,897      0,926    0,912      0,856    0,975     0,958     0
                 0,713    0,015    0,749      0,713    0,730      0,714    0,955     0,766     s
                 0,791    0,002    0,897      0,791    0,841      0,839    0,972     0,875     u
Weighted Avg.    0,824    0,038    0,821      0,824    0,821      0,788    0,960     0,861     


=== Confusion Matrix ===

     a     b     c     d     e     f     g     h     i     j     k     l     m   <-- classified as
  4294    19    86    12     6     8    31     3   116    57   143    43     7 |     a = a
    60   655    25     1    10    22    18     2    60    22    81    19     5 |     b = b
    97    20  1949     4    10    42    16     8    84    24    64    24     5 |     c = e
    26     0    31   316     1     3     0     0    28    31     9     7     1 |     d = d
    29    18    32     1   220     9     5     3    35    14    26    38     0 |     e = f
    28    21    90     0     4   956     6     3    30     7    41    18     2 |     f = i
    40    11    18     1     8    10   221     3    44    14   165    54     4 |     g = k
    32     4    22     0     7    10     3   216     8     1    21    24     3 |     h = j
   258    41   118    19    17    48    59     4  1997    55   260    41    10 |     i = l
   125    28    58    18     8     8    13     3    80  1681   188    26    15 |     j = o
   178    47   105     8    21    52    49     4   173    81 10752   127    10 |     k = 0
    75    14    22     4    18    26    32     1    78    23   218  1270     1 |     l = s
    22    12    23     2     1     3     6     1    23    36    12     5   551 |     m = u

=== Percent Confusion Matrix ===
a	b	c	d	e	f	g	h	i	j	k	l	m	
88.99	0.39	1.78	0.25	0.12	0.17	0.64	0.06	2.4	1.18	2.96	0.89	0.15	 a = a
6.12	66.84	2.55	0.1	1.02	2.24	1.84	0.2	6.12	2.24	8.27	1.94	0.51	 b = b
4.13	0.85	83.04	0.17	0.43	1.79	0.68	0.34	3.58	1.02	2.73	1.02	0.21	 c = e
5.74	0.0	6.84	69.76	0.22	0.66	0.0	0.0	6.18	6.84	1.99	1.55	0.22	 d = d
6.74	4.19	7.44	0.23	51.16	2.09	1.16	0.7	8.14	3.26	6.05	8.84	0.0	 e = f
2.32	1.74	7.46	0.0	0.33	79.27	0.5	0.25	2.49	0.58	3.4	1.49	0.17	 f = i
6.75	1.85	3.04	0.17	1.35	1.69	37.27	0.51	7.42	2.36	27.82	9.11	0.67	 g = k
9.12	1.14	6.27	0.0	1.99	2.85	0.85	61.54	2.28	0.28	5.98	6.84	0.85	 h = j
8.81	1.4	4.03	0.65	0.58	1.64	2.02	0.14	68.23	1.88	8.88	1.4	0.34	 i = l
5.55	1.24	2.58	0.8	0.36	0.36	0.58	0.13	3.55	74.68	8.35	1.16	0.67	 j = o
1.53	0.4	0.9	0.07	0.18	0.45	0.42	0.03	1.49	0.7	92.63	1.09	0.09	 k = 0
4.21	0.79	1.23	0.22	1.01	1.46	1.8	0.06	4.38	1.29	12.23	71.27	0.06	 l = s
3.16	1.72	3.3	0.29	0.14	0.43	0.86	0.14	3.3	5.16	1.72	0.72	79.05	 m = u
