Timestamp:2014-12-07-10:50:37
Inventario:I1
Intervalo:6ms
Ngramas:1
Clasificador:NaiveBayes
Relation Name:  I1-6ms-1gramas
Num Instances:  30453
Num Attributes: 11

     Name                      Type  Nom  Int Real     Missing      Unique  Dist
   1 0Int(dB)                   Num   0%  10%  90%     0 /  0%     3 /  0%   777 
   2 0Pitch(Hz)                 Num   0%  51%  49%     0 /  0%   750 /  2%  3423 
   3 0RawPitch                  Num   0%  55%  45%     0 /  0%   699 /  2%  3337 
   4 0SmPitch                   Num   0%  53%  47%     0 /  0%   748 /  2%  3382 
   5 0Melogram(st)              Num   0%  48%  52%     0 /  0%   413 /  1%  3048 
   6 0ZCross                    Num   0% 100%   0%     0 /  0%     8 /  0%    47 
   7 0F1(Hz)                    Num   0%  52%  48%     0 /  0%  1130 /  4%  4802 
   8 0F2(Hz)                    Num   0%  51%  49%     0 /  0%  2251 /  7%  6691 
   9 0F3(Hz)                    Num   0%  52%  48%     0 /  0%  1969 /  6%  6255 
  10 0F4(Hz)                    Num   0%  52%  48%     0 /  0%  1938 /  6%  6099 
  11 class                      Nom 100%   0%   0%     0 /  0%     0 /  0%    13 


Naive Bayes Classifier

                    Class
Attribute               a         b         e         d         f         i         k         j         l         o         0         s         u
                   (0.16)    (0.03)    (0.08)    (0.01)    (0.01)    (0.04)    (0.02)    (0.01)     (0.1)    (0.07)    (0.38)    (0.06)    (0.02)
==================================================================================================================================================
0Int(dB)
  mean             -4.3746  -12.3369   -5.3083   -8.2512  -14.9621   -8.8383  -23.7951  -11.5274   -12.918   -8.2927  -49.0429  -21.0967   -5.2124
  std. dev.         9.6808    10.602    8.1563    6.8533    8.8347    8.4087   10.1938    8.1782   10.4398   12.1905   15.4132    6.8726    7.6533
  weight sum          4825       980      2347       453       430      1206       593       351      2927      2251     11611      1782       697
  precision         0.1027    0.1027    0.1027    0.1027    0.1027    0.1027    0.1027    0.1027    0.1027    0.1027    0.1027    0.1027    0.1027

0Pitch(Hz)
  mean            215.2971  163.7124  191.0581  196.5351  133.3692  173.8339   70.4936  184.2752  159.6373  178.5747   14.1299    57.114  230.7901
  std. dev.       107.7031  108.8774   87.4612   89.7942  106.8281   75.6506  107.3611  119.3834  101.2045  104.7438   52.0089   93.5936   82.8574
  weight sum          4825       980      2347       453       430      1206       593       351      2927      2251     11611      1782       697
  precision         0.1457    0.1457    0.1457    0.1457    0.1457    0.1457    0.1457    0.1457    0.1457    0.1457    0.1457    0.1457    0.1457

0RawPitch
  mean            204.9722  150.0446  186.7023  191.2433  109.9149  166.6698   45.5819  153.7664  145.5773  172.5426   11.6282   34.5786  221.3767
  std. dev.       113.3158   114.114   93.4491   96.8178  102.8897   81.1132    91.035   121.208  107.1106  110.6448    46.559   76.1887   91.1707
  weight sum          4825       980      2347       453       430      1206       593       351      2927      2251     11611      1782       697
  precision         0.1486    0.1486    0.1486    0.1486    0.1486    0.1486    0.1486    0.1486    0.1486    0.1486    0.1486    0.1486    0.1486

0SmPitch
  mean            213.2402  158.6198  189.6338  196.0253   124.407  171.4037   59.1024  165.0181  155.3557  176.5059   12.7048   49.3791  229.7721
  std. dev.       109.3851  112.4568   88.7774   90.7394   103.769   78.1033  102.5179  129.1041  103.2024   106.636   48.0549    88.297   83.4441
  weight sum          4825       980      2347       453       430      1206       593       351      2927      2251     11611      1782       697
  precision         0.1475    0.1475    0.1475    0.1475    0.1475    0.1475    0.1475    0.1475    0.1475    0.1475    0.1475    0.1475    0.1475

0Melogram(st)
  mean              51.533    42.399   50.8127   51.7323   38.4205   48.9436   17.1281   35.5775   42.7041   46.6912    4.2912   16.1904   54.8522
  std. dev.        16.5965   23.6994   14.8245   13.6209   24.4262   15.5254   26.1516   27.9822   22.8272   20.3122   14.7017   24.8304   12.6632
  weight sum          4825       980      2347       453       430      1206       593       351      2927      2251     11611      1782       697
  precision         0.0271    0.0271    0.0271    0.0271    0.0271    0.0271    0.0271    0.0271    0.0271    0.0271    0.0271    0.0271    0.0271

0ZCross
  mean              6.9593    2.4041    4.8852    3.6047    1.9001    3.5568    2.2013    4.0502    2.3851    3.9781    0.1868    3.7866    3.8114
  std. dev.         4.5717    2.0753    3.1792    2.1402    2.0075    3.1167    4.5948    3.2261    2.0336    2.8849     0.942    7.4034    2.7838
  weight sum          4825       980      2347       453       430      1206       593       351      2927      2251     11611      1782       697
  precision         1.1739    1.1739    1.1739    1.1739    1.1739    1.1739    1.1739    1.1739    1.1739    1.1739    1.1739    1.1739    1.1739

0F1(Hz)
  mean            682.1071  381.3506   466.462  503.7105  391.2913  366.1781  129.8821  480.2878  408.0652  486.7294   46.8563    194.93  499.9719
  std. dev.       268.0102   233.551  141.9729  170.1733  276.1702  138.5016  229.9643  272.6783  231.5097  223.3891  156.9324  279.2751  304.4022
  weight sum          4825       980      2347       453       430      1206       593       351      2927      2251     11611      1782       697
  precision         0.3628    0.3628    0.3628    0.3628    0.3628    0.3628    0.3628    0.3628    0.3628    0.3628    0.3628    0.3628    0.3628

0F2(Hz)
  mean           1448.2374 1332.6509 1796.4609 1445.2293 1193.1191 2002.2125  429.6705 1506.3848 1335.1042  1145.619  145.6475  631.5714 1063.4579
  std. dev.       448.6029  730.2324  511.4411    391.85  771.0706  633.8216  768.4185  772.5649  699.6339   528.768  482.6819  866.7506  420.6329
  weight sum          4825       980      2347       453       430      1206       593       351      2927      2251     11611      1782       697
  precision         0.4452    0.4452    0.4452    0.4452    0.4452    0.4452    0.4452    0.4452    0.4452    0.4452    0.4452    0.4452    0.4452

0F3(Hz)
  mean           2665.0519 2248.6819 2636.0758 2791.4444 2027.9477 2693.6179  725.7508   2434.89 2300.8076  2513.778  249.3576 1055.6629 2692.0225
  std. dev.       801.5039 1174.9913  763.9923  665.7853 1301.1049  876.6153 1253.0723 1223.3469 1179.8492 1011.4708  812.0478 1435.3364   759.659
  weight sum          4825       980      2347       453       430      1206       593       351      2927      2251     11611      1782       697
  precision         0.6587    0.6587    0.6587    0.6587    0.6587    0.6587    0.6587    0.6587    0.6587    0.6587    0.6587    0.6587    0.6587

0F4(Hz)
  mean            3089.112 2697.4569 3175.4825 3246.0224 2421.4135 3200.0296  860.9421 2683.0906 2652.0267 2890.9482    300.63 1202.9722 3085.5469
  std. dev.       915.0775 1376.7352  884.6328  750.8035 1516.9857  997.3182 1490.2289 1334.4584 1343.1647 1145.4649  976.8376 1632.8451  770.8999
  weight sum          4825       980      2347       453       430      1206       593       351      2927      2251     11611      1782       697
  precision         0.6801    0.6801    0.6801    0.6801    0.6801    0.6801    0.6801    0.6801    0.6801    0.6801    0.6801    0.6801    0.6801





=== Stratified cross-validation ===

Correctly Classified Instances       16661               54.7105 %
Incorrectly Classified Instances     13792               45.2895 %
Kappa statistic                          0.4206
K&B Relative Info Score            1219937.2846 %
K&B Information Score                35501.9764 bits      1.1658 bits/instance
Class complexity | order 0           88599.5666 bits      2.9094 bits/instance
Class complexity | scheme           195974.8996 bits      6.4353 bits/instance
Complexity improvement     (Sf)    -107375.333  bits     -3.5259 bits/instance
Mean absolute error                      0.076 
Root mean squared error                  0.222 
Relative absolute error                 61.6378 %
Root relative squared error             89.4081 %
Coverage of cases (0.95 level)          76.3964 %
Mean rel. region size (0.95 level)      25.0098 %
Total Number of Instances            30453     


=== Detailed Accuracy By Class ===

                 TP Rate  FP Rate  Precision  Recall   F-Measure  MCC      ROC Area  PRC Area  Class
                 0,630    0,074    0,615      0,630    0,622      0,550    0,883     0,620     a
                 0,000    0,001    0,000      0,000    0,000      -0,004   0,729     0,059     b
                 0,716    0,199    0,231      0,716    0,350      0,324    0,866     0,395     e
                 0,049    0,011    0,065      0,049    0,055      0,044    0,810     0,047     d
                 0,000    0,000    0,000      0,000    0,000      0,000    0,738     0,031     f
                 0,308    0,028    0,310      0,308    0,309      0,281    0,874     0,339     i
                 0,051    0,008    0,113      0,051    0,070      0,064    0,828     0,087     k
                 0,011    0,000    0,235      0,011    0,022      0,050    0,745     0,075     j
                 0,109    0,053    0,181      0,109    0,136      0,071    0,753     0,183     l
                 0,007    0,001    0,349      0,007    0,013      0,040    0,783     0,210     o
                 0,908    0,138    0,802      0,908    0,852      0,755    0,958     0,954     0
                 0,222    0,018    0,438      0,222    0,294      0,283    0,876     0,366     s
                 0,347    0,011    0,433      0,347    0,385      0,375    0,873     0,348     u
Weighted Avg.    0,547    0,087    0,518      0,547    0,505      0,448    0,879     0,574     


=== Confusion Matrix ===

     a     b     c     d     e     f     g     h     i     j     k     l     m   <-- classified as
  3038     1  1036    74     0    58    29     7   256    11   255    52     8 |     a = a
   103     0   376    24     0   119    16     0    96     2   169    22    53 |     b = b
   325     6  1680     3     0    96    20     3    95     1    92    20     6 |     c = e
    88     0   264    22     0    18     0     0    35     0    17     5     4 |     d = d
    37     0   149    13     0    43    15     0    49     0    99    21     4 |     e = f
    73     0   610     1     0   372    16     0    50     0    59    25     0 |     f = i
    17     4    34     4     0    18    30     1    57     0   325    92    11 |     g = k
    79     0   120     0     0    23     7     4    44     9    54    11     0 |     h = j
   355     0  1324    65     0   215    59     0   319     1   452    95    42 |     i = l
   457     4   973    77     0    17    12     0   241    15   243    41   171 |     j = o
   137     1   344    36     0   128    24     1   264     2 10544   116    14 |     k = 0
   107     0   136    13     0    77    27     1   200     0   822   395     4 |     l = s
   126     1   215     9     0    15    10     0    61     2    10     6   242 |     m = u

=== Percent Confusion Matrix ===
a	b	c	d	e	f	g	h	i	j	k	l	m	
62.96	0.02	21.47	1.53	0.0	1.2	0.6	0.15	5.31	0.23	5.28	1.08	0.17	 a = a
10.51	0.0	38.37	2.45	0.0	12.14	1.63	0.0	9.8	0.2	17.24	2.24	5.41	 b = b
13.85	0.26	71.58	0.13	0.0	4.09	0.85	0.13	4.05	0.04	3.92	0.85	0.26	 c = e
19.43	0.0	58.28	4.86	0.0	3.97	0.0	0.0	7.73	0.0	3.75	1.1	0.88	 d = d
8.6	0.0	34.65	3.02	0.0	10.0	3.49	0.0	11.4	0.0	23.02	4.88	0.93	 e = f
6.05	0.0	50.58	0.08	0.0	30.85	1.33	0.0	4.15	0.0	4.89	2.07	0.0	 f = i
2.87	0.67	5.73	0.67	0.0	3.04	5.06	0.17	9.61	0.0	54.81	15.51	1.85	 g = k
22.51	0.0	34.19	0.0	0.0	6.55	1.99	1.14	12.54	2.56	15.38	3.13	0.0	 h = j
12.13	0.0	45.23	2.22	0.0	7.35	2.02	0.0	10.9	0.03	15.44	3.25	1.43	 i = l
20.3	0.18	43.23	3.42	0.0	0.76	0.53	0.0	10.71	0.67	10.8	1.82	7.6	 j = o
1.18	0.01	2.96	0.31	0.0	1.1	0.21	0.01	2.27	0.02	90.81	1.0	0.12	 k = 0
6.0	0.0	7.63	0.73	0.0	4.32	1.52	0.06	11.22	0.0	46.13	22.17	0.22	 l = s
18.08	0.14	30.85	1.29	0.0	2.15	1.43	0.0	8.75	0.29	1.43	0.86	34.72	 m = u
