Timestamp:2014-12-07-11:00:28
Inventario:I2
Intervalo:10ms
Ngramas:1
Clasificador:NaiveBayes
Relation Name:  I2-10ms-1gramas
Num Instances:  18296
Num Attributes: 11

     Name                      Type  Nom  Int Real     Missing      Unique  Dist
   1 0Int(dB)                   Num   0%  10%  90%     0 /  0%     7 /  0%   772 
   2 0Pitch(Hz)                 Num   0%  51%  49%     0 /  0%   817 /  4%  3064 
   3 0RawPitch                  Num   0%  54%  46%     0 /  0%   854 /  5%  2956 
   4 0SmPitch                   Num   0%  52%  48%     0 /  0%   828 /  5%  3025 
   5 0Melogram(st)              Num   0%  47%  53%     0 /  0%   582 /  3%  2808 
   6 0ZCross                    Num   0% 100%   0%     0 /  0%    10 /  0%    42 
   7 0F1(Hz)                    Num   0%  51%  49%     0 /  0%  2131 / 12%  4724 
   8 0F2(Hz)                    Num   0%  51%  49%     0 /  0%  4210 / 23%  6615 
   9 0F3(Hz)                    Num   0%  51%  49%     0 /  0%  3688 / 20%  6145 
  10 0F4(Hz)                    Num   0%  51%  49%     0 /  0%  3689 / 20%  6054 
  11 class                      Nom 100%   0%   0%     0 /  0%     0 /  0%    12 


Naive Bayes Classifier

                    Class
Attribute               A     LGJKC         E        FV         I         O     SNRTY         0       BMP        DZ         U    SNRTXY
                   (0.16)    (0.05)    (0.08)    (0.01)    (0.04)    (0.08)     (0.1)    (0.37)    (0.03)    (0.02)    (0.02)    (0.04)
========================================================================================================================================
0Int(dB)
  mean             -4.4871  -15.2573   -5.4216  -14.8768   -9.1229   -8.3525  -19.6701  -49.8193  -12.4295   -8.4296   -5.5461  -10.5318
  std. dev.         9.7495    10.927    8.2134    8.5952    8.6417   12.1594    9.5288   14.6142   10.5978    6.9616    7.9501     8.325
  weight sum          2940       894      1438       261       748      1377      1790      6798       594       274       423       759
  precision         0.1005    0.1005    0.1005    0.1005    0.1005    0.1005    0.1005    0.1005    0.1005    0.1005    0.1005    0.1005

0Pitch(Hz)
  mean            215.0265  137.3922  190.3918  138.4937  173.2212  179.1301   92.2528   11.8101  166.0775  195.1331  230.9859  180.0702
  std. dev.       106.7631  110.1699   87.4257  106.1938   75.5653   103.979  107.9322   47.8952  107.8218   90.1576   83.0165  101.0521
  weight sum          2940       894      1438       261       748      1377      1790      6798       594       274       423       759
  precision         0.1626    0.1626    0.1626    0.1626    0.1626    0.1626    0.1626    0.1626    0.1626    0.1626    0.1626    0.1626

0RawPitch
  mean            204.5729  116.3073  186.9416  114.3432  164.8509  172.8881   72.9898    9.4583  152.1597  189.7645  221.8351  166.2729
  std. dev.       112.2304  108.9258   92.1579  102.4081   80.9322  110.0663  101.5246   41.8694   112.921   97.5291   90.5835  110.4658
  weight sum          2940       894      1438       261       748      1377      1790      6798       594       274       423       759
  precision         0.1679    0.1679    0.1679    0.1679    0.1679    0.1679    0.1679    0.1679    0.1679    0.1679    0.1679    0.1679

0SmPitch
  mean            213.0261   128.625  188.8901  131.3637   170.918  177.1958   85.9766    10.221   161.354  194.7762  230.1655  177.2448
  std. dev.       108.3889  112.6617   88.8533  103.6517   77.6434  105.5718  106.0894   43.0507   110.475   90.8856   83.5323  103.3036
  weight sum          2940       894      1438       261       748      1377      1790      6798       594       274       423       759
  precision         0.1647    0.1647    0.1647    0.1647    0.1647    0.1647    0.1647    0.1647    0.1647    0.1647    0.1647    0.1647

0Melogram(st)
  mean             51.7443    35.144    50.757   39.8199   48.7629   46.9889   25.4753    3.6592   43.3262   51.4874   54.7081   46.6828
  std. dev.        16.1385   26.3517   14.7786   23.9008   15.7624   20.0024   27.3689   13.7149   23.0622    13.878      13.2   20.5693
  weight sum          2940       894      1438       261       748      1377      1790      6798       594       274       423       759
  precision         0.0294    0.0294    0.0294    0.0294    0.0294    0.0294    0.0294    0.0294    0.0294    0.0294    0.0294    0.0294

0ZCross
  mean              6.8081    2.9064    4.8831     1.892    3.3285    4.0329    2.7507    0.1407    2.2589    3.6374     3.713    2.9907
  std. dev.         4.5857    3.4356    3.1607    1.9842    3.1155    2.9611    5.0596    0.7913    2.0707    2.2054    2.8728    4.7609
  weight sum          2940       894      1438       261       748      1377      1790      6798       594       274       423       759
  precision         1.2927    1.2927    1.2927    1.2927    1.2927    1.2927    1.2927    1.2927    1.2927    1.2927    1.2927    1.2927

0F1(Hz)
  mean            684.8624  343.2191  467.7497  399.7197  366.3373  488.3137  268.2924   40.0583  383.8168  501.2874  499.4556  437.8799
  std. dev.       260.7635  271.7997  137.6849  273.4014  136.8258  220.1308  291.6443  146.5136  232.2972  170.6693   302.477  199.7748
  weight sum          2940       894      1438       261       748      1377      1790      6798       594       274       423       759
  precision         0.3688    0.3688    0.3688    0.3688    0.3688    0.3688    0.3688    0.3688    0.3688    0.3688    0.3688    0.3688

0F2(Hz)
  mean             1462.31 1149.6364 1804.3312 1203.5318 1998.9223 1157.6298  822.9576  123.4513 1349.6905 1443.6267 1072.0404 1480.9848
  std. dev.       430.5852  861.6155  496.1344  754.0967  624.7892  525.4581  861.1325  446.9262  728.3086  393.2262  424.8655  609.8719
  weight sum          2940       894      1438       261       748      1377      1790      6798       594       274       423       759
  precision         0.4504    0.4504    0.4504    0.4504    0.4504    0.4504    0.4504    0.4504    0.4504    0.4504    0.4504    0.4504

0F3(Hz)
  mean           2687.7356 1918.2772 2653.2835 2069.2644 2693.2397 2526.8298  1411.417  212.0061 2268.8241 2791.7189 2703.6172 2551.1384
  std. dev.       764.2898 1413.3864  742.6344 1282.9054  863.6174  995.0347 1463.9451  754.1838 1165.0514  658.6982  758.4179  977.5902
  weight sum          2940       894      1438       261       748      1377      1790      6798       594       274       423       759
  precision         0.6705    0.6705    0.6705    0.6705    0.6705    0.6705    0.6705    0.6705    0.6705    0.6705    0.6705    0.6705

0F4(Hz)
  mean           3116.7672 2186.2274 3189.0151 2471.0333 3209.5559 2910.5036 1625.0449  255.9653 2720.5333 3246.4091 3086.4504 2930.4338
  std. dev.       872.2076  1597.389  856.4692 1495.7988  985.3806 1127.9374 1675.2068  908.2983 1363.5495  742.7362  766.0819 1124.8723
  weight sum          2940       894      1438       261       748      1377      1790      6798       594       274       423       759
  precision         0.6851    0.6851    0.6851    0.6851    0.6851    0.6851    0.6851    0.6851    0.6851    0.6851    0.6851    0.6851





=== Stratified cross-validation ===

Correctly Classified Instances       10028               54.8098 %
Incorrectly Classified Instances      8268               45.1902 %
Kappa statistic                          0.4246
K&B Relative Info Score             730674.3014 %
K&B Information Score                21256.6105 bits      1.1618 bits/instance
Class complexity | order 0           53208.3385 bits      2.9082 bits/instance
Class complexity | scheme           122081.0017 bits      6.6726 bits/instance
Complexity improvement     (Sf)     -68872.6632 bits     -3.7644 bits/instance
Mean absolute error                      0.0825
Root mean squared error                  0.2321
Relative absolute error                 61.3225 %
Root relative squared error             89.5015 %
Coverage of cases (0.95 level)          74.7158 %
Mean rel. region size (0.95 level)      27.9642 %
Total Number of Instances            18296     


=== Detailed Accuracy By Class ===

                 TP Rate  FP Rate  Precision  Recall   F-Measure  MCC      ROC Area  PRC Area  Class
                 0,645    0,087    0,586      0,645    0,614      0,537    0,883     0,617     A
                 0,021    0,004    0,213      0,021    0,039      0,053    0,693     0,089     LGJKC
                 0,722    0,210    0,227      0,722    0,345      0,318    0,866     0,399     E
                 0,000    0,000    0,000      0,000    0,000      -0,001   0,737     0,031     FV
                 0,291    0,038    0,246      0,291    0,267      0,234    0,867     0,315     I
                 0,055    0,010    0,302      0,055    0,093      0,101    0,778     0,207     O
                 0,200    0,038    0,362      0,200    0,258      0,213    0,755     0,280     SNRTY
                 0,922    0,129    0,809      0,922    0,862      0,776    0,965     0,960     0
                 0,008    0,002    0,116      0,008    0,016      0,023    0,731     0,062     BMP
                 0,018    0,006    0,042      0,018    0,025      0,018    0,802     0,044     DZ
                 0,343    0,009    0,466      0,343    0,395      0,388    0,871     0,356     U
                 0,001    0,003    0,020      0,001    0,002      -0,006   0,738     0,077     SNRTXY
Weighted Avg.    0,548    0,085    0,507      0,548    0,501      0,450    0,867     0,562     


=== Confusion Matrix ===

    a    b    c    d    e    f    g    h    i    j    k    l   <-- classified as
 1896   17  685    1   53   29   82  139    5   24    4    5 |    a = A
   98   19  344    0   65   18  116  220    4    1    5    4 |    b = LGJKC
  204   10 1038    0   72    2   51   52    3    1    3    2 |    c = E
   30    1  101    0   27   11   26   55    0    7    2    1 |    d = FV
   46    5  393    0  218    0   45   36    2    0    0    3 |    e = I
  320    8  617    0   23   76   62  143    1   33   86    8 |    f = O
  191   21  339    0  122   45  358  667   11   12   11   13 |    g = SNRTY
  100    3  164    0   88   26  111 6267    7   13    8   11 |    h = 0
   73    3  236    0   90    8   43   96    5   13   27    0 |    i = BMP
   59    0  158    0   24    5    7   10    1    5    3    2 |    j = DZ
   80    2  134    0   16   13   19    6    3    5  145    0 |    k = U
  137    0  367    0   88   19   69   55    1    5   17    1 |    l = SNRTXY

=== Percent Confusion Matrix ===
a	b	c	d	e	f	g	h	i	j	k	l	
64.49	0.58	23.3	0.03	1.8	0.99	2.79	4.73	0.17	0.82	0.14	0.17	 a = A
10.96	2.13	38.48	0.0	7.27	2.01	12.98	24.61	0.45	0.11	0.56	0.45	 b = LGJKC
14.19	0.7	72.18	0.0	5.01	0.14	3.55	3.62	0.21	0.07	0.21	0.14	 c = E
11.49	0.38	38.7	0.0	10.34	4.21	9.96	21.07	0.0	2.68	0.77	0.38	 d = FV
6.15	0.67	52.54	0.0	29.14	0.0	6.02	4.81	0.27	0.0	0.0	0.4	 e = I
23.24	0.58	44.81	0.0	1.67	5.52	4.5	10.38	0.07	2.4	6.25	0.58	 f = O
10.67	1.17	18.94	0.0	6.82	2.51	20.0	37.26	0.61	0.67	0.61	0.73	 g = SNRTY
1.47	0.04	2.41	0.0	1.29	0.38	1.63	92.19	0.1	0.19	0.12	0.16	 h = 0
12.29	0.51	39.73	0.0	15.15	1.35	7.24	16.16	0.84	2.19	4.55	0.0	 i = BMP
21.53	0.0	57.66	0.0	8.76	1.82	2.55	3.65	0.36	1.82	1.09	0.73	 j = DZ
18.91	0.47	31.68	0.0	3.78	3.07	4.49	1.42	0.71	1.18	34.28	0.0	 k = U
18.05	0.0	48.35	0.0	11.59	2.5	9.09	7.25	0.13	0.66	2.24	0.13	 l = SNRTXY
