Timestamp:2014-12-07-10:52:54
Inventario:I2
Intervalo:1ms
Ngramas:2
Clasificador:NaiveBayes
Relation Name:  I2-1ms-2gramas
Num Instances:  183403
Num Attributes: 21

     Name                      Type  Nom  Int Real     Missing      Unique  Dist
   1 0Int(dB)                   Num   0%   9%  91%     0 /  0%     4 /  0%   781 
   2 0Pitch(Hz)                 Num   0%  51%  49%     0 /  0%   256 /  0%  4213 
   3 0RawPitch                  Num   0%  55%  45%     0 /  0%   417 /  0%  4119 
   4 0SmPitch                   Num   0%  53%  47%     0 /  0%   263 /  0%  4193 
   5 0Melogram(st)              Num   0%  49%  51%     0 /  0%   133 /  0%  3454 
   6 0ZCross                    Num   0% 100%   0%     0 /  0%     4 /  0%    58 
   7 0F1(Hz)                    Num   0%  52%  48%     0 /  0%  1154 /  1%  4824 
   8 0F2(Hz)                    Num   0%  52%  48%     0 /  0%  2223 /  1%  6697 
   9 0F3(Hz)                    Num   0%  53%  47%     0 /  0%  1930 /  1%  6200 
  10 0F4(Hz)                    Num   0%  52%  48%     0 /  0%  1933 /  1%  6096 
  11 1Int(dB)                   Num   0%   9%  91%     0 /  0%     3 /  0%   781 
  12 1Pitch(Hz)                 Num   0%  51%  49%     0 /  0%   256 /  0%  4213 
  13 1RawPitch                  Num   0%  55%  45%     0 /  0%   417 /  0%  4119 
  14 1SmPitch                   Num   0%  53%  47%     0 /  0%   263 /  0%  4193 
  15 1Melogram(st)              Num   0%  49%  51%     0 /  0%   133 /  0%  3454 
  16 1ZCross                    Num   0% 100%   0%     0 /  0%     4 /  0%    58 
  17 1F1(Hz)                    Num   0%  52%  48%     0 /  0%  1154 /  1%  4824 
  18 1F2(Hz)                    Num   0%  52%  48%     0 /  0%  2223 /  1%  6697 
  19 1F3(Hz)                    Num   0%  53%  47%     0 /  0%  1930 /  1%  6200 
  20 1F4(Hz)                    Num   0%  52%  48%     0 /  0%  1933 /  1%  6096 
  21 class                      Nom 100%   0%   0%     0 /  0%     0 /  0%    12 


Naive Bayes Classifier

                    Class
Attribute               A     LGJKC         E        FV         I         O     SNRTY         0       BMP        DZ         U    SNRTXY
                   (0.16)    (0.05)    (0.07)    (0.01)    (0.04)    (0.07)    (0.09)    (0.39)    (0.03)    (0.01)    (0.02)    (0.04)
========================================================================================================================================
0Int(dB)
  mean             -4.2297  -15.1279   -5.1597   -15.033   -8.6607   -8.1449   -19.719  -48.0905  -12.3149   -8.1898   -5.0726  -10.5889
  std. dev.         9.5985   10.9181    8.0314    8.8639    8.3453   12.1979    9.4101   16.3154   10.6245     6.778    7.5754    8.3522
  weight sum         28557      8827     13740      2561      7083     13234     17273     72116      5814      2682      4137      7379
  precision         0.1037    0.1037    0.1037    0.1037    0.1037    0.1037    0.1037    0.1037    0.1037    0.1037    0.1037    0.1037

0Pitch(Hz)
  mean            215.2062  131.3222   190.258  129.9494  173.0302  178.1206    80.726   16.9607  159.4679  197.2987  229.3502  174.9119
  std. dev.       108.6869  111.8114   87.8928  107.2999   76.4927   105.326  105.3113    56.673  111.1515   89.0771   84.2123  103.5626
  weight sum         28557      8827     13740      2561      7083     13234     17273     72116      5814      2682      4137      7379
  precision         0.1184    0.1184    0.1184    0.1184    0.1184    0.1184    0.1184    0.1184    0.1184    0.1184    0.1184    0.1184

0RawPitch
  mean            204.7785  108.1262  185.5139  104.9895  165.4701   172.363   61.9657   13.9201  147.7852  190.6234  220.5579  160.5262
  std. dev.       115.5309  110.5989   95.7233   103.475   84.0796  113.1234   98.9134   51.4519  116.6168   98.9787   92.9298   113.497
  weight sum         28557      8827     13740      2561      7083     13234     17273     72116      5814      2682      4137      7379
  precision         0.1214    0.1214    0.1214    0.1214    0.1214    0.1214    0.1214    0.1214    0.1214    0.1214    0.1214    0.1214

0SmPitch
  mean             213.264   121.491  188.8112  119.7549  170.6319  175.8934    73.927   15.3486  154.8892  196.7053  228.8462  171.8701
  std. dev.       110.2131  113.0073   89.0812  104.5511   79.0959   107.593  103.0654   52.9674  113.7583   90.1193   84.5411  105.5581
  weight sum         28557      8827     13740      2561      7083     13234     17273     72116      5814      2682      4137      7379
  precision          0.119     0.119     0.119     0.119     0.119     0.119     0.119     0.119     0.119     0.119     0.119     0.119

0Melogram(st)
  mean             51.2183   32.7653    50.379   36.5095   48.4716   46.4586   21.6786    4.9859   41.3724   51.7505     54.16   45.7142
  std. dev.        17.1271   26.9386   15.5007   25.2094   16.2405   20.5573    26.812   15.7045   24.3658   13.7974   14.0434     21.31
  weight sum         28557      8827     13740      2561      7083     13234     17273     72116      5814      2682      4137      7379
  precision         0.0239    0.0239    0.0239    0.0239    0.0239    0.0239    0.0239    0.0239    0.0239    0.0239    0.0239    0.0239

0ZCross
  mean              7.3101    3.1551    5.2408    2.0498    3.7393    4.3663    2.9398    0.2635     2.508    3.9977    4.0771    3.2216
  std. dev.         4.7386    3.8413    3.3253    2.2131    3.2999     3.087    5.4505    1.1594     2.237    2.3251    2.9819    5.0733
  weight sum         28557      8827     13740      2561      7083     13234     17273     72116      5814      2682      4137      7379
  precision         1.0175    1.0175    1.0175    1.0175    1.0175    1.0175    1.0175    1.0175    1.0175    1.0175    1.0175    1.0175

0F1(Hz)
  mean            682.1503  326.9586  465.3474  378.3582  362.5437  485.0896  239.6286   54.6945  370.4332  505.0486  499.8715  425.8434
  std. dev.        271.133  274.0281  144.1266  278.5939  142.9356  226.1543  287.7014  167.7961  237.1009  171.1736  306.7882  203.9356
  weight sum         28557      8827     13740      2561      7083     13234     17273     72116      5814      2682      4137      7379
  precision         0.3611    0.3611    0.3611    0.3611    0.3611    0.3611    0.3611    0.3611    0.3611    0.3611    0.3611    0.3611

0F2(Hz)
  mean           1442.2136  1104.763 1793.0334 1159.1061 1983.2786  1138.672  735.4168  171.3436 1303.2526 1448.0931 1056.4734 1450.7411
  std. dev.       454.4964  875.8232  519.5885  783.4471  662.5587  533.7441  852.8372  520.3646  750.2659  392.9271  419.7581  629.1582
  weight sum         28557      8827     13740      2561      7083     13234     17273     72116      5814      2682      4137      7379
  precision         0.4448    0.4448    0.4448    0.4448    0.4448    0.4448    0.4448    0.4448    0.4448    0.4448    0.4448    0.4448

0F3(Hz)
  mean           2655.0761 1840.1201 2628.2257 1972.9814 2665.7831 2500.7441 1260.1713  292.1061 2194.6698 2798.0476 2684.8467  2504.354
  std. dev.       813.9125 1438.2967  775.3306  1322.667  914.1503 1023.7463 1451.1961  872.1776 1208.1856  669.7534  768.1272 1022.0293
  weight sum         28557      8827     13740      2561      7083     13234     17273     72116      5814      2682      4137      7379
  precision         0.6646    0.6646    0.6646    0.6646    0.6646    0.6646    0.6646    0.6646    0.6646    0.6646    0.6646    0.6646

0F4(Hz)
  mean           3079.4149  2097.926  3165.364 2361.3224 3167.5238 2876.6923 1447.1659  351.1243 2638.4197 3239.8651 3077.7233 2877.8508
  std. dev.       930.1153  1626.376  898.8907 1547.6942 1043.4405 1160.0433 1656.0288 1045.9711 1420.8135  751.6295  781.3188 1176.6795
  weight sum         28557      8827     13740      2561      7083     13234     17273     72116      5814      2682      4137      7379
  precision         0.6804    0.6804    0.6804    0.6804    0.6804    0.6804    0.6804    0.6804    0.6804    0.6804    0.6804    0.6804

1Int(dB)
  mean              -4.254  -14.9678   -5.1788  -15.0107    -8.647   -8.1757  -19.6536   -48.118  -12.2049   -8.1344   -5.0188  -10.6411
  std. dev.         9.6114   10.8189    8.0296     8.868    8.3528   12.2243    9.4301   16.2752   10.5691    6.7971    7.4803    8.3704
  weight sum         28557      8827     13740      2561      7083     13234     17273     72116      5814      2682      4137      7379
  precision         0.1037    0.1037    0.1037    0.1037    0.1037    0.1037    0.1037    0.1037    0.1037    0.1037    0.1037    0.1037

1Pitch(Hz)
  mean            215.1081  132.4771  190.4015  129.6994  173.2101  177.8211   80.9904   16.7877  159.9332  197.2811  229.5826  174.6755
  std. dev.       108.7696  111.7771   87.7758  107.2959   76.2773  105.3227  105.5148   56.4051  110.8047   89.0991   83.7347  103.6934
  weight sum         28557      8827     13740      2561      7083     13234     17273     72116      5814      2682      4137      7379
  precision         0.1184    0.1184    0.1184    0.1184    0.1184    0.1184    0.1184    0.1184    0.1184    0.1184    0.1184    0.1184

1RawPitch
  mean            204.7122   109.152  185.6605    104.69  165.7379  172.1393   62.1577   13.7655  148.2899  190.4432  220.7885  160.1302
  std. dev.       115.5921   110.843   95.6276  103.2429   83.9735  113.0491   99.0319   51.2112  116.3341   98.9727   92.5273  113.6492
  weight sum         28557      8827     13740      2561      7083     13234     17273     72116      5814      2682      4137      7379
  precision         0.1214    0.1214    0.1214    0.1214    0.1214    0.1214    0.1214    0.1214    0.1214    0.1214    0.1214    0.1214

1SmPitch
  mean            213.2106  122.5657  189.0092  119.5928  170.7795  175.6214   74.1645   15.1793  155.3207  196.7284  229.0387  171.4678
  std. dev.       110.2529  113.0809   88.9353  104.4955    78.963  107.5646  103.2478   52.6861  113.4664   90.0706   84.1352  105.7741
  weight sum         28557      8827     13740      2561      7083     13234     17273     72116      5814      2682      4137      7379
  precision          0.119     0.119     0.119     0.119     0.119     0.119     0.119     0.119     0.119     0.119     0.119     0.119

1Melogram(st)
  mean             51.2091   33.0011   50.4242   36.4608   48.5268   46.3993     21.73    4.9362    41.496   51.7797   54.2789   45.6436
  std. dev.        17.1327   26.9118   15.4261   25.2383   16.1496   20.5969   26.8358   15.6358   24.2847   13.7295   13.7888   21.3732
  weight sum         28557      8827     13740      2561      7083     13234     17273     72116      5814      2682      4137      7379
  precision         0.0239    0.0239    0.0239    0.0239    0.0239    0.0239    0.0239    0.0239    0.0239    0.0239    0.0239    0.0239

1ZCross
  mean              7.3004    3.1718    5.2275    2.0522    3.7468    4.3624    2.9555    0.2613    2.5306    4.0262    4.0827    3.2165
  std. dev.         4.7448    3.8289     3.329    2.2158    3.3104    3.0942    5.4506     1.158    2.2366    2.3277    2.9766    5.0775
  weight sum         28557      8827     13740      2561      7083     13234     17273     72116      5814      2682      4137      7379
  precision         1.0175    1.0175    1.0175    1.0175    1.0175    1.0175    1.0175    1.0175    1.0175    1.0175    1.0175    1.0175

1F1(Hz)
  mean            683.5492   327.868   466.604  376.1761  363.6076   485.985   237.758   54.1445  370.5749  505.4969  501.0702  423.9395
  std. dev.       270.1486  273.5809  142.2478  278.4193  141.3453  225.6523  286.8682  166.9999   236.559  171.2455  305.5336  203.7829
  weight sum         28557      8827     13740      2561      7083     13234     17273     72116      5814      2682      4137      7379
  precision         0.3611    0.3611    0.3611    0.3611    0.3611    0.3611    0.3611    0.3611    0.3611    0.3611    0.3611    0.3611

1F2(Hz)
  mean           1443.5164 1107.0558 1799.2434 1156.6522 1992.3968  1138.609  730.9378  169.6332 1303.9361  1448.146 1060.1575 1448.1831
  std. dev.       451.7609  873.9897  511.5475  785.3266  653.6523   531.629  852.0875  518.0359  748.5317  393.8005  414.9703  630.5403
  weight sum         28557      8827     13740      2561      7083     13234     17273     72116      5814      2682      4137      7379
  precision         0.4448    0.4448    0.4448    0.4448    0.4448    0.4448    0.4448    0.4448    0.4448    0.4448    0.4448    0.4448

1F3(Hz)
  mean           2658.1212 1846.1724 2635.6414 1966.8613 2676.2267 2503.6829 1251.9866  289.1592 2195.7732 2797.7777 2694.2989 2500.2386
  std. dev.       809.8058 1436.6578   764.297 1324.7402   902.456 1021.0061 1449.7111  868.2153 1205.5074  672.0457   752.613 1025.1734
  weight sum         28557      8827     13740      2561      7083     13234     17273     72116      5814      2682      4137      7379
  precision         0.6646    0.6646    0.6646    0.6646    0.6646    0.6646    0.6646    0.6646    0.6646    0.6646    0.6646    0.6646

1F4(Hz)
  mean           3082.4058 2105.6195 3173.7603 2355.3511 3178.8998 2879.5448 1438.3759  347.6697 2641.4866 3238.8126 3088.1777 2873.9184
  std. dev.       925.1344 1624.8954  884.9534 1550.8738 1028.8621 1156.4562 1655.1492 1041.4713 1418.3454    754.11  760.6201 1180.9413
  weight sum         28557      8827     13740      2561      7083     13234     17273     72116      5814      2682      4137      7379
  precision         0.6804    0.6804    0.6804    0.6804    0.6804    0.6804    0.6804    0.6804    0.6804    0.6804    0.6804    0.6804





=== Stratified cross-validation ===

Correctly Classified Instances       96852               52.8083 %
Incorrectly Classified Instances     86551               47.1917 %
Kappa statistic                          0.4007
K&B Relative Info Score            7045083.3264 %
K&B Information Score               201280.6631 bits      1.0975 bits/instance
Class complexity | order 0          523970.387  bits      2.8569 bits/instance
Class complexity | scheme          2192090.9324 bits     11.9523 bits/instance
Complexity improvement     (Sf)    -1668120.5454 bits     -9.0954 bits/instance
Mean absolute error                      0.0813
Root mean squared error                  0.245 
Relative absolute error                 61.4039 %
Root relative squared error             95.2588 %
Coverage of cases (0.95 level)          65.2803 %
Mean rel. region size (0.95 level)      18.4108 %
Total Number of Instances           183403     


=== Detailed Accuracy By Class ===

                 TP Rate  FP Rate  Precision  Recall   F-Measure  MCC      ROC Area  PRC Area  Class
                 0,500    0,045    0,671      0,500    0,573      0,515    0,887     0,622     A
                 0,024    0,008    0,134      0,024    0,041      0,038    0,692     0,085     LGJKC
                 0,665    0,120    0,309      0,665    0,422      0,390    0,869     0,409     E
                 0,041    0,017    0,032      0,041    0,036      0,021    0,729     0,029     FV
                 0,361    0,042    0,254      0,361    0,298      0,269    0,863     0,276     I
                 0,015    0,004    0,207      0,015    0,028      0,038    0,780     0,187     O
                 0,173    0,027    0,403      0,173    0,242      0,217    0,801     0,302     SNRTY
                 0,892    0,145    0,799      0,892    0,843      0,736    0,950     0,948     0
                 0,007    0,003    0,065      0,007    0,013      0,011    0,725     0,058     BMP
                 0,374    0,111    0,048      0,374    0,084      0,099    0,813     0,046     DZ
                 0,445    0,022    0,322      0,445    0,373      0,361    0,877     0,366     U
                 0,017    0,007    0,088      0,017    0,028      0,021    0,741     0,077     SNRTXY
Weighted Avg.    0,528    0,081    0,525      0,528    0,503      0,445    0,870     0,571     


=== Confusion Matrix ===

     a     b     c     d     e     f     g     h     i     j     k     l   <-- classified as
 14292   246  4667   516   616   183   495  1541    60  5036   806    99 |     a = A
   542   213  2002   208   824   111   884  2375    88  1178   202   200 |     b = LGJKC
  1378   183  9134   182   901    19   286   537    76   840   138    66 |     c = E
   183    25   433   104   331    10   171   655    12   571    20    46 |     d = FV
   331   135  3156   131  2554     0   239   379    29    92    10    27 |     e = I
  1601   154  3662   331   153   199   331  1457    37  3502  1636   171 |     f = O
   731   333  1193   638  1066   155  2993  7313   140  2224   155   332 |     g = SNRTY
   377   143  1509   611  1245   180  1046 64354   109  2071   230   241 |     h = 0
   407    70  1227   138   958    42   291  1078    43  1148   369    43 |     i = BMP
   358     0   801    39   194     8    34   102    14  1002    66    64 |     j = DZ
   463    78   528    59   186    24    83    67    30   772  1839     8 |     k = U
   646    10  1214   245  1018    29   575   645    25  2605   242   125 |     l = SNRTXY

=== Percent Confusion Matrix ===
a	b	c	d	e	f	g	h	i	j	k	l	
50.05	0.86	16.34	1.81	2.16	0.64	1.73	5.4	0.21	17.63	2.82	0.35	 a = A
6.14	2.41	22.68	2.36	9.33	1.26	10.01	26.91	1.0	13.35	2.29	2.27	 b = LGJKC
10.03	1.33	66.48	1.32	6.56	0.14	2.08	3.91	0.55	6.11	1.0	0.48	 c = E
7.15	0.98	16.91	4.06	12.92	0.39	6.68	25.58	0.47	22.3	0.78	1.8	 d = FV
4.67	1.91	44.56	1.85	36.06	0.0	3.37	5.35	0.41	1.3	0.14	0.38	 e = I
12.1	1.16	27.67	2.5	1.16	1.5	2.5	11.01	0.28	26.46	12.36	1.29	 f = O
4.23	1.93	6.91	3.69	6.17	0.9	17.33	42.34	0.81	12.88	0.9	1.92	 g = SNRTY
0.52	0.2	2.09	0.85	1.73	0.25	1.45	89.24	0.15	2.87	0.32	0.33	 h = 0
7.0	1.2	21.1	2.37	16.48	0.72	5.01	18.54	0.74	19.75	6.35	0.74	 i = BMP
13.35	0.0	29.87	1.45	7.23	0.3	1.27	3.8	0.52	37.36	2.46	2.39	 j = DZ
11.19	1.89	12.76	1.43	4.5	0.58	2.01	1.62	0.73	18.66	44.45	0.19	 k = U
8.75	0.14	16.45	3.32	13.8	0.39	7.79	8.74	0.34	35.3	3.28	1.69	 l = SNRTXY
