Timestamp:2014-12-07-11:00:58
Inventario:I2
Intervalo:15ms
Ngramas:2
Clasificador:NaiveBayes
Relation Name:  I2-15ms-2gramas
Num Instances:  12188
Num Attributes: 21

     Name                      Type  Nom  Int Real     Missing      Unique  Dist
   1 0Int(dB)                   Num   0%  10%  90%     0 /  0%    10 /  0%   768 
   2 0Pitch(Hz)                 Num   0%  50%  50%     0 /  0%   940 /  8%  2714 
   3 0RawPitch                  Num   0%  53%  47%     0 /  0%   980 /  8%  2609 
   4 0SmPitch                   Num   0%  51%  49%     0 /  0%   957 /  8%  2691 
   5 0Melogram(st)              Num   0%  46%  54%     0 /  0%   837 /  7%  2573 
   6 0ZCross                    Num   0% 100%   0%     0 /  0%    10 /  0%    40 
   7 0F1(Hz)                    Num   0%  50%  50%     0 /  0%  2281 / 19%  3977 
   8 0F2(Hz)                    Num   0%  50%  50%     0 /  0%  3848 / 32%  5158 
   9 0F3(Hz)                    Num   0%  50%  50%     0 /  0%  3419 / 28%  4850 
  10 0F4(Hz)                    Num   0%  50%  50%     0 /  0%  3319 / 27%  4764 
  11 1Int(dB)                   Num   0%  10%  90%     0 /  0%    10 /  0%   768 
  12 1Pitch(Hz)                 Num   0%  50%  50%     0 /  0%   941 /  8%  2715 
  13 1RawPitch                  Num   0%  53%  47%     0 /  0%   979 /  8%  2609 
  14 1SmPitch                   Num   0%  51%  49%     0 /  0%   957 /  8%  2691 
  15 1Melogram(st)              Num   0%  46%  54%     0 /  0%   838 /  7%  2574 
  16 1ZCross                    Num   0% 100%   0%     0 /  0%    10 /  0%    40 
  17 1F1(Hz)                    Num   0%  50%  50%     0 /  0%  2281 / 19%  3977 
  18 1F2(Hz)                    Num   0%  50%  50%     0 /  0%  3848 / 32%  5158 
  19 1F3(Hz)                    Num   0%  50%  50%     0 /  0%  3419 / 28%  4850 
  20 1F4(Hz)                    Num   0%  50%  50%     0 /  0%  3319 / 27%  4764 
  21 class                      Nom 100%   0%   0%     0 /  0%     0 /  0%    12 


Naive Bayes Classifier

                    Class
Attribute               A     LGJKC         E        FV         I         O     SNRTY         0       BMP        DZ         U    SNRTXY
                   (0.16)    (0.05)    (0.08)    (0.01)    (0.04)    (0.08)     (0.1)    (0.36)    (0.03)    (0.02)    (0.02)    (0.04)
========================================================================================================================================
0Int(dB)
  mean             -5.1539  -16.3687   -6.5035  -13.4875  -10.0663   -8.9829  -18.6519  -50.0118  -12.6599   -8.0119   -7.1056   -9.6252
  std. dev.        10.4855   12.8506    9.1484    9.7297    8.7445   12.0392   10.6653   14.6113   11.4853    6.7561    9.4113    8.4319
  weight sum          1989       598       971       177       503       940      1218      4417       399       182       285       509
  precision         0.1005    0.1005    0.1005    0.1005    0.1005    0.1005    0.1005    0.1005    0.1005    0.1005    0.1005    0.1005

0Pitch(Hz)
  mean            211.6164  133.1982  183.4717   151.416  170.1872  178.6603  106.2716   12.1245   169.157  194.5985   222.874  184.6391
  std. dev.       108.5356  110.1644   90.6248  107.3372    80.118  105.9497  108.9904    48.346  107.9278   87.0546   96.7144   98.2327
  weight sum          1989       598       971       177       503       940      1218      4417       399       182       285       509
  precision         0.1828    0.1828    0.1828    0.1828    0.1828    0.1828    0.1828    0.1828    0.1828    0.1828    0.1828    0.1828

0RawPitch
  mean            201.8512  115.9751  179.2232  126.9095  160.6735  170.2865   87.7632    9.8324  156.3794  189.0935  214.8787  173.8333
  std. dev.       112.7474  107.6868   94.3626  104.8815   84.5436  111.2599  106.7843   42.7162  112.6669   94.4871  100.3251  106.3527
  weight sum          1989       598       971       177       503       940      1218      4417       399       182       285       509
  precision           0.19      0.19      0.19      0.19      0.19      0.19      0.19      0.19      0.19      0.19      0.19      0.19

0SmPitch
  mean            209.8362  125.1499  181.7709  140.8054  167.6412  176.3381   98.1938   10.5802  166.7235    193.94  222.2202  182.6302
  std. dev.       109.8749  110.6016   92.0323    105.09   82.3894  107.6496  107.9403   43.6586  110.0496   88.2607    96.345  100.1783
  weight sum          1989       598       971       177       503       940      1218      4417       399       182       285       509
  precision         0.1841    0.1841    0.1841    0.1841    0.1841    0.1841    0.1841    0.1841    0.1841    0.1841    0.1841    0.1841

0Melogram(st)
  mean              50.884   34.5765    49.433   42.1057   47.5936    46.689   29.0344    3.8382   44.1038   51.8812   51.8876   48.1479
  std. dev.        17.3482   26.3479   16.6562   22.5058    17.453   20.4728   27.2332   13.9973   22.6152   13.0394   18.0236   19.1438
  weight sum          1989       598       971       177       503       940      1218      4417       399       182       285       509
  precision         0.0321    0.0321    0.0321    0.0321    0.0321    0.0321    0.0321    0.0321    0.0321    0.0321    0.0321    0.0321

0ZCross
  mean              6.5278    2.7306      4.81     2.392    3.4699    4.0255    2.8152    0.1445    2.5119    3.7075    3.6946    3.3922
  std. dev.         4.5495     2.959    3.2495    2.3218    3.3736    3.4165    4.7216    0.8058    2.4124    2.1562    3.0049    3.9865
  weight sum          1989       598       971       177       503       940      1218      4417       399       182       285       509
  precision         1.1026    1.1026    1.1026    1.1026    1.1026    1.1026    1.1026    1.1026    1.1026    1.1026    1.1026    1.1026

0F1(Hz)
  mean            646.5551  360.7653  448.7867   455.282  347.8788  460.8448  328.7398   44.4946  407.9579  496.8996  479.4518  479.4162
  std. dev.       288.6109  273.6661  167.2097   257.875  165.9413  237.0895  295.0373  156.5552  229.4716  161.9561  324.8579   195.601
  weight sum          1989       598       971       177       503       940      1218      4417       399       182       285       509
  precision          0.438     0.438     0.438     0.438     0.438     0.438     0.438     0.438     0.438     0.438     0.438     0.438

0F2(Hz)
  mean           1415.1431 1203.2683 1697.5367 1319.8463  1816.924 1136.7816  997.5417  133.6062 1414.0003 1453.6687 1012.0156 1545.8774
  std. dev.       509.9497  863.2321  606.8332  697.8781  769.2522   583.467  855.3307  464.3597  704.2441  367.5538  498.3854  564.6387
  weight sum          1989       598       971       177       503       940      1218      4417       399       182       285       509
  precision         0.5776    0.5776    0.5776    0.5776    0.5776    0.5776    0.5776    0.5776    0.5776    0.5776    0.5776    0.5776

0F3(Hz)
  mean           2589.7585 1973.4712 2529.5236  2267.597 2497.6197 2424.0221 1723.3061  231.1113 2386.6296 2793.2433 2541.1097 2642.9828
  std. dev.       897.5737  1390.456  892.9521 1184.2012 1063.4499 1093.5808 1456.2652  786.3537 1113.8644  599.9523  990.0091  879.1693
  weight sum          1989       598       971       177       503       940      1218      4417       399       182       285       509
  precision         0.8494    0.8494    0.8494    0.8494    0.8494    0.8494    0.8494    0.8494    0.8494    0.8494    0.8494    0.8494

0F4(Hz)
  mean           3011.8957 2241.2335 3071.5364  2669.134 2991.7043 2797.3211 1962.6476   277.447 2816.2806 3271.8573 2890.5441  3030.656
  std. dev.      1031.5735 1568.3325 1053.8859 1361.3599 1236.9689  1248.566 1644.5911  942.3686 1281.9024  673.6241 1057.0684 1002.2946
  weight sum          1989       598       971       177       503       940      1218      4417       399       182       285       509
  precision         0.8707    0.8707    0.8707    0.8707    0.8707    0.8707    0.8707    0.8707    0.8707    0.8707    0.8707    0.8707

1Int(dB)
  mean             -4.6544  -15.2722   -5.5049  -14.3263   -9.1576   -8.3852  -19.5269  -50.5579  -12.4692   -8.3797   -5.5692  -10.5719
  std. dev.         9.8223   10.8417    8.2833    8.9225    8.3719   12.0282    9.5303   13.7499    10.584    6.9795    7.6498     8.469
  weight sum          1989       598       971       177       503       940      1218      4417       399       182       285       509
  precision         0.1005    0.1005    0.1005    0.1005    0.1005    0.1005    0.1005    0.1005    0.1005    0.1005    0.1005    0.1005

1Pitch(Hz)
  mean             214.311  141.8343  189.9846   145.764  175.8084  180.3637  100.3715    9.3571  169.0755  193.7345  231.3108  179.1918
  std. dev.       106.3793  108.8526   87.3032  105.9069   73.8088  102.9621   108.791    43.029  105.9927   88.2964   84.4017  100.8774
  weight sum          1989       598       971       177       503       940      1218      4417       399       182       285       509
  precision         0.1828    0.1828    0.1828    0.1828    0.1828    0.1828    0.1828    0.1828    0.1828    0.1828    0.1828    0.1828

1RawPitch
  mean            204.6048  118.7519  186.8578  119.8712  168.3408  174.1912   81.0403    7.3672   155.219  188.6822  222.5963  167.7543
  std. dev.       110.9966  106.4895   91.2535  101.1981   79.5481  108.1025  104.5276   36.8732  111.9695   95.9007   90.9444  108.5032
  weight sum          1989       598       971       177       503       940      1218      4417       399       182       285       509
  precision           0.19      0.19      0.19      0.19      0.19      0.19      0.19      0.19      0.19      0.19      0.19      0.19

1SmPitch
  mean            212.5582  132.6194  188.6266  135.2172  174.1996  178.2642   91.6506    8.0627  164.9116  192.9144  230.9021  177.0924
  std. dev.       107.6671  110.4481   88.6539  102.9917   75.9109  104.6347  107.0346   38.1417  109.5012   89.8451   84.0603  102.5537
  weight sum          1989       598       971       177       503       940      1218      4417       399       182       285       509
  precision         0.1841    0.1841    0.1841    0.1841    0.1841    0.1841    0.1841    0.1841    0.1841    0.1841    0.1841    0.1841

1Melogram(st)
  mean             51.7631   36.0946   50.9897   40.8426    49.433   47.3663   27.1236    3.0759   44.2448   51.2049   54.7393    47.114
  std. dev.         15.996   26.0448   14.4101   23.1702   14.7392   19.6193     27.43   12.6713   22.4965    14.175   13.2895    20.104
  weight sum          1989       598       971       177       503       940      1218      4417       399       182       285       509
  precision         0.0321    0.0321    0.0321    0.0321    0.0321    0.0321    0.0321    0.0321    0.0321    0.0321    0.0321    0.0321

1ZCross
  mean              6.6459    2.9371    4.8701    2.1179    3.5072    4.0889    2.7356    0.1006    2.3765    3.7378    3.8532    3.0932
  std. dev.         4.4895    3.1501    2.9907    2.1208    3.0758     2.998    4.8597      0.68    2.1579    2.1488    2.8492     4.505
  weight sum          1989       598       971       177       503       940      1218      4417       399       182       285       509
  precision         1.1026    1.1026    1.1026    1.1026    1.1026    1.1026    1.1026    1.1026    1.1026    1.1026    1.1026    1.1026

1F1(Hz)
  mean            680.2157   353.978  469.1052  420.1259  370.0223  487.7924  286.1586   34.4817  391.9946  501.1355  504.5577  443.3981
  std. dev.       263.0262  268.8341  136.7924  268.8685  133.9826   218.941  291.2238  138.1328  227.7233  166.0339   299.786  197.6356
  weight sum          1989       598       971       177       503       940      1218      4417       399       182       285       509
  precision          0.438     0.438     0.438     0.438     0.438     0.438     0.438     0.438     0.438     0.438     0.438     0.438

1F2(Hz)
  mean           1457.3331 1190.2085 1803.6497 1256.0162 2010.9745 1164.8777  884.3737  104.1698 1374.8709 1443.3798 1075.9553 1497.2713
  std. dev.       439.9568  854.4143  490.0179  726.8151  600.2718   526.346  864.3204   412.975  707.8796  376.3503   411.661   601.804
  weight sum          1989       598       971       177       503       940      1218      4417       399       182       285       509
  precision         0.5776    0.5776    0.5776    0.5776    0.5776    0.5776    0.5776    0.5776    0.5776    0.5776    0.5776    0.5776

1F3(Hz)
  mean            2676.475 1973.0067 2651.8402 2156.9356 2714.2403 2529.7403 1519.7428  180.9842 2325.0319 2787.5447 2728.7599  2567.869
  std. dev.       781.3816 1390.4637  731.0473 1243.2456  831.8369  990.6689 1471.0412  703.2706 1133.6314  632.9234   731.591  958.5106
  weight sum          1989       598       971       177       503       940      1218      4417       399       182       285       509
  precision         0.8494    0.8494    0.8494    0.8494    0.8494    0.8494    0.8494    0.8494    0.8494    0.8494    0.8494    0.8494

1F4(Hz)
  mean            3105.401 2251.4792 3206.8695 2560.0986 3233.1412 2916.3463  1738.325  217.2523 2772.6162 3262.7057 3100.5588 2953.6299
  std. dev.       892.4908 1573.9832  845.6004 1438.2149  946.7373 1123.3047 1671.1582  842.5928 1317.5612  714.9786  725.9921 1103.4238
  weight sum          1989       598       971       177       503       940      1218      4417       399       182       285       509
  precision         0.8707    0.8707    0.8707    0.8707    0.8707    0.8707    0.8707    0.8707    0.8707    0.8707    0.8707    0.8707





=== Stratified cross-validation ===

Correctly Classified Instances        6144               50.4102 %
Incorrectly Classified Instances      6044               49.5898 %
Kappa statistic                          0.3901
K&B Relative Info Score             455243.2083 %
K&B Information Score                13334.5918 bits      1.0941 bits/instance
Class complexity | order 0           35679.1394 bits      2.9274 bits/instance
Class complexity | scheme           146260.1467 bits     12.0003 bits/instance
Complexity improvement     (Sf)    -110581.0073 bits     -9.0729 bits/instance
Mean absolute error                      0.0845
Root mean squared error                  0.2501
Relative absolute error                 62.4164 %
Root relative squared error             96.1537 %
Coverage of cases (0.95 level)          65.2609 %
Mean rel. region size (0.95 level)      19.4495 %
Total Number of Instances            12188     


=== Detailed Accuracy By Class ===

                 TP Rate  FP Rate  Precision  Recall   F-Measure  MCC      ROC Area  PRC Area  Class
                 0,467    0,057    0,615      0,467    0,531      0,460    0,862     0,581     A
                 0,017    0,013    0,064      0,017    0,026      0,008    0,694     0,083     LGJKC
                 0,491    0,078    0,354      0,491    0,411      0,357    0,846     0,378     E
                 0,028    0,009    0,044      0,028    0,034      0,024    0,732     0,032     FV
                 0,336    0,034    0,296      0,336    0,315      0,284    0,862     0,281     I
                 0,004    0,002    0,125      0,004    0,008      0,009    0,764     0,184     O
                 0,234    0,049    0,345      0,234    0,279      0,220    0,743     0,285     SNRTY
                 0,921    0,101    0,838      0,921    0,877      0,804    0,968     0,962     0
                 0,005    0,005    0,034      0,005    0,009      0,000    0,722     0,058     BMP
                 0,593    0,189    0,045      0,593    0,084      0,124    0,807     0,046     DZ
                 0,281    0,009    0,423      0,281    0,338      0,332    0,856     0,279     U
                 0,020    0,012    0,067      0,020    0,030      0,014    0,713     0,070     SNRTXY
Weighted Avg.    0,504    0,063    0,507      0,504    0,491      0,440    0,858     0,545     


=== Confusion Matrix ===

    a    b    c    d    e    f    g    h    i    j    k    l   <-- classified as
  928   36  226   16   39   11   82   82    3  530   13   23 |    a = A
   47   10   85   10   37    4   97  121    5  165    4   13 |    b = LGJKC
  115   28  477    4   60    2   40   31    4  194    9    7 |    c = E
   15    3   17    5   12    1   23   24    0   70    0    7 |    d = FV
   30   17  190    1  169    0   31   19    6   37    1    2 |    e = I
  123   21  129   17   18    4   54   86    6  415   52   15 |    f = O
   85   22   69   27   65    2  285  345   15  254    6   43 |    g = SNRTY
   10    3   21   20   48    4  104 4066    5  115    6   15 |    h = 0
   33    2   50    5   58    0   45   45    2  138   10   11 |    i = BMP
   26    0   22    1    7    0    5    6    3  108    1    3 |    j = DZ
   40   14   15    1    8    4   12    4    4  103   80    0 |    k = U
   57    1   47    7   49    0   48   25    6  252    7   10 |    l = SNRTXY

=== Percent Confusion Matrix ===
a	b	c	d	e	f	g	h	i	j	k	l	
46.66	1.81	11.36	0.8	1.96	0.55	4.12	4.12	0.15	26.65	0.65	1.16	 a = A
7.86	1.67	14.21	1.67	6.19	0.67	16.22	20.23	0.84	27.59	0.67	2.17	 b = LGJKC
11.84	2.88	49.12	0.41	6.18	0.21	4.12	3.19	0.41	19.98	0.93	0.72	 c = E
8.47	1.69	9.6	2.82	6.78	0.56	12.99	13.56	0.0	39.55	0.0	3.95	 d = FV
5.96	3.38	37.77	0.2	33.6	0.0	6.16	3.78	1.19	7.36	0.2	0.4	 e = I
13.09	2.23	13.72	1.81	1.91	0.43	5.74	9.15	0.64	44.15	5.53	1.6	 f = O
6.98	1.81	5.67	2.22	5.34	0.16	23.4	28.33	1.23	20.85	0.49	3.53	 g = SNRTY
0.23	0.07	0.48	0.45	1.09	0.09	2.35	92.05	0.11	2.6	0.14	0.34	 h = 0
8.27	0.5	12.53	1.25	14.54	0.0	11.28	11.28	0.5	34.59	2.51	2.76	 i = BMP
14.29	0.0	12.09	0.55	3.85	0.0	2.75	3.3	1.65	59.34	0.55	1.65	 j = DZ
14.04	4.91	5.26	0.35	2.81	1.4	4.21	1.4	1.4	36.14	28.07	0.0	 k = U
11.2	0.2	9.23	1.38	9.63	0.0	9.43	4.91	1.18	49.51	1.38	1.96	 l = SNRTXY
