Timestamp:2014-12-07-11:00:56
Inventario:I2
Intervalo:15ms
Ngramas:1
Clasificador:NaiveBayes
Relation Name:  I2-15ms-1gramas
Num Instances:  12189
Num Attributes: 11

     Name                      Type  Nom  Int Real     Missing      Unique  Dist
   1 0Int(dB)                   Num   0%  10%  90%     0 /  0%    10 /  0%   768 
   2 0Pitch(Hz)                 Num   0%  50%  50%     0 /  0%   941 /  8%  2715 
   3 0RawPitch                  Num   0%  53%  47%     0 /  0%   979 /  8%  2609 
   4 0SmPitch                   Num   0%  51%  49%     0 /  0%   957 /  8%  2691 
   5 0Melogram(st)              Num   0%  46%  54%     0 /  0%   838 /  7%  2574 
   6 0ZCross                    Num   0% 100%   0%     0 /  0%    10 /  0%    40 
   7 0F1(Hz)                    Num   0%  50%  50%     0 /  0%  2281 / 19%  3977 
   8 0F2(Hz)                    Num   0%  50%  50%     0 /  0%  3848 / 32%  5158 
   9 0F3(Hz)                    Num   0%  50%  50%     0 /  0%  3419 / 28%  4850 
  10 0F4(Hz)                    Num   0%  50%  50%     0 /  0%  3319 / 27%  4764 
  11 class                      Nom 100%   0%   0%     0 /  0%     0 /  0%    12 


Naive Bayes Classifier

                    Class
Attribute               A     LGJKC         E        FV         I         O     SNRTY         0       BMP        DZ         U    SNRTXY
                   (0.16)    (0.05)    (0.08)    (0.01)    (0.04)    (0.08)     (0.1)    (0.36)    (0.03)    (0.01)    (0.02)    (0.04)
========================================================================================================================================
0Int(dB)
  mean             -4.6544  -15.2722   -5.5049  -14.3263   -9.1576   -8.3852  -19.5269  -50.5565  -12.4692   -8.3797   -5.5692  -10.5719
  std. dev.         9.8223   10.8417    8.2833    8.9225    8.3719   12.0282    9.5303   13.7487    10.584    6.9795    7.6498     8.469
  weight sum          1989       598       971       177       503       940      1218      4418       399       182       285       509
  precision         0.1005    0.1005    0.1005    0.1005    0.1005    0.1005    0.1005    0.1005    0.1005    0.1005    0.1005    0.1005

0Pitch(Hz)
  mean             214.311  141.8343  189.9846   145.764  175.8084  180.3637  100.3715    9.3549  169.0755  193.7345  231.3108  179.1918
  std. dev.       106.3793  108.8526   87.3032  105.9069   73.8088  102.9621   108.791   43.0244  105.9927   88.2964   84.4017  100.8774
  weight sum          1989       598       971       177       503       940      1218      4418       399       182       285       509
  precision         0.1828    0.1828    0.1828    0.1828    0.1828    0.1828    0.1828    0.1828    0.1828    0.1828    0.1828    0.1828

0RawPitch
  mean            204.6048  118.7519  186.8578  119.8712  168.3408  174.1912   81.0403    7.3655   155.219  188.6822  222.5963  167.7543
  std. dev.       110.9966  106.4895   91.2535  101.1981   79.5481  108.1025  104.5276   36.8692  111.9695   95.9007   90.9444  108.5032
  weight sum          1989       598       971       177       503       940      1218      4418       399       182       285       509
  precision           0.19      0.19      0.19      0.19      0.19      0.19      0.19      0.19      0.19      0.19      0.19      0.19

0SmPitch
  mean            212.5582  132.6194  188.6266  135.2172  174.1996  178.2642   91.6506    8.0608  164.9116  192.9144  230.9021  177.0924
  std. dev.       107.6671  110.4481   88.6539  102.9917   75.9109  104.6347  107.0346   38.1376  109.5012   89.8451   84.0603  102.5537
  weight sum          1989       598       971       177       503       940      1218      4418       399       182       285       509
  precision         0.1841    0.1841    0.1841    0.1841    0.1841    0.1841    0.1841    0.1841    0.1841    0.1841    0.1841    0.1841

0Melogram(st)
  mean             51.7631   36.0946   50.9897   40.8426    49.433   47.3663   27.1236    3.0752   44.2448   51.2049   54.7393    47.114
  std. dev.         15.996   26.0448   14.4101   23.1702   14.7392   19.6193     27.43     12.67   22.4965    14.175   13.2895    20.104
  weight sum          1989       598       971       177       503       940      1218      4418       399       182       285       509
  precision         0.0321    0.0321    0.0321    0.0321    0.0321    0.0321    0.0321    0.0321    0.0321    0.0321    0.0321    0.0321

0ZCross
  mean              6.6459    2.9371    4.8701    2.1179    3.5072    4.0889    2.7356    0.1006    2.3765    3.7378    3.8532    3.0932
  std. dev.         4.4895    3.1501    2.9907    2.1208    3.0758     2.998    4.8597    0.6799    2.1579    2.1488    2.8492     4.505
  weight sum          1989       598       971       177       503       940      1218      4418       399       182       285       509
  precision         1.1026    1.1026    1.1026    1.1026    1.1026    1.1026    1.1026    1.1026    1.1026    1.1026    1.1026    1.1026

0F1(Hz)
  mean            680.2157   353.978  469.1052  420.1259  370.0223  487.7924  286.1586   34.4738  391.9946  501.1355  504.5577  443.3981
  std. dev.       263.0262  268.8341  136.7924  268.8685  133.9826   218.941  291.2238  138.1181  227.7233  166.0339   299.786  197.6356
  weight sum          1989       598       971       177       503       940      1218      4418       399       182       285       509
  precision          0.438     0.438     0.438     0.438     0.438     0.438     0.438     0.438     0.438     0.438     0.438     0.438

0F2(Hz)
  mean           1457.3331 1190.2085 1803.6497 1256.0162 2010.9745 1164.8777  884.3737  104.1463 1374.8709 1443.3798 1075.9553 1497.2713
  std. dev.       439.9568  854.4143  490.0179  726.8151  600.2718   526.346  864.3204  412.9313  707.8796  376.3503   411.661   601.804
  weight sum          1989       598       971       177       503       940      1218      4418       399       182       285       509
  precision         0.5776    0.5776    0.5776    0.5776    0.5776    0.5776    0.5776    0.5776    0.5776    0.5776    0.5776    0.5776

0F3(Hz)
  mean            2676.475 1973.0067 2651.8402 2156.9356 2714.2403 2529.7403 1519.7428  180.9432 2325.0319 2787.5447 2728.7599  2567.869
  std. dev.       781.3816 1390.4637  731.0473 1243.2456  831.8369  990.6689 1471.0412  703.1963 1133.6314  632.9234   731.591  958.5106
  weight sum          1989       598       971       177       503       940      1218      4418       399       182       285       509
  precision         0.8494    0.8494    0.8494    0.8494    0.8494    0.8494    0.8494    0.8494    0.8494    0.8494    0.8494    0.8494

0F4(Hz)
  mean            3105.401 2251.4792 3206.8695 2560.0986 3233.1412 2916.3463  1738.325  217.2031 2772.6162 3262.7057 3100.5588 2953.6299
  std. dev.       892.4908 1573.9832  845.6004 1438.2149  946.7373 1123.3047 1671.1582  842.5038 1317.5612  714.9786  725.9921 1103.4238
  weight sum          1989       598       971       177       503       940      1218      4418       399       182       285       509
  precision         0.8707    0.8707    0.8707    0.8707    0.8707    0.8707    0.8707    0.8707    0.8707    0.8707    0.8707    0.8707





=== Stratified cross-validation ===

Correctly Classified Instances        6619               54.3031 %
Incorrectly Classified Instances      5570               45.6969 %
Kappa statistic                          0.423 
K&B Relative Info Score             485310.3281 %
K&B Information Score                14213.4088 bits      1.1661 bits/instance
Class complexity | order 0           35680.6035 bits      2.9273 bits/instance
Class complexity | scheme            86490.6634 bits      7.0958 bits/instance
Complexity improvement     (Sf)     -50810.0599 bits     -4.1685 bits/instance
Mean absolute error                      0.0832
Root mean squared error                  0.2323
Relative absolute error                 61.5071 %
Root relative squared error             89.3133 %
Coverage of cases (0.95 level)          75.2974 %
Mean rel. region size (0.95 level)      28.5606 %
Total Number of Instances            12189     


=== Detailed Accuracy By Class ===

                 TP Rate  FP Rate  Precision  Recall   F-Measure  MCC      ROC Area  PRC Area  Class
                 0,608    0,083    0,587      0,608    0,598      0,518    0,877     0,602     A
                 0,010    0,004    0,125      0,010    0,019      0,022    0,697     0,091     LGJKC
                 0,712    0,213    0,224      0,712    0,341      0,310    0,863     0,403     E
                 0,000    0,000    0,000      0,000    0,000      0,000    0,729     0,029     FV
                 0,358    0,043    0,263      0,358    0,303      0,272    0,873     0,324     I
                 0,055    0,009    0,329      0,055    0,095      0,108    0,774     0,207     O
                 0,201    0,041    0,350      0,201    0,255      0,206    0,737     0,276     SNRTY
                 0,934    0,119    0,817      0,934    0,872      0,795    0,971     0,965     0
                 0,003    0,002    0,042      0,003    0,005      0,002    0,731     0,062     BMP
                 0,033    0,010    0,050      0,033    0,040      0,029    0,798     0,044     DZ
                 0,337    0,009    0,466      0,337    0,391      0,384    0,873     0,347     U
                 0,008    0,004    0,083      0,008    0,014      0,013    0,728     0,074     SNRTXY
Weighted Avg.    0,543    0,081    0,504      0,543    0,497      0,449    0,865     0,556     


=== Confusion Matrix ===

    a    b    c    d    e    f    g    h    i    j    k    l   <-- classified as
 1210   13  519    0   35   12   57   96    3   34    2    8 |    a = A
   66    6  239    0   46   10   87  134    3    2    2    3 |    b = LGJKC
  133    5  691    0   63    0   37   33    2    1    2    4 |    c = E
   20    0   72    0   22    6   18   33    0    5    0    1 |    d = FV
   33    5  237    0  180    0   28   19    0    0    0    1 |    e = I
  196    4  433    0   16   52   48   94    0   26   67    4 |    f = O
  134   11  238    0   92   32  245  417   10   17    7   15 |    g = SNRTY
   49    2   75    0   52   21   73 4128    2    9    3    4 |    h = 0
   42    1  154    0   74    5   37   56    1   10   17    2 |    i = BMP
   35    0  104    0   18    4    6    6    1    6    0    2 |    j = DZ
   55    0   88    0   14   10   16    3    0    3   96    0 |    k = U
   87    1  236    0   72    6   48   35    2    8   10    4 |    l = SNRTXY

=== Percent Confusion Matrix ===
a	b	c	d	e	f	g	h	i	j	k	l	
60.83	0.65	26.09	0.0	1.76	0.6	2.87	4.83	0.15	1.71	0.1	0.4	 a = A
11.04	1.0	39.97	0.0	7.69	1.67	14.55	22.41	0.5	0.33	0.33	0.5	 b = LGJKC
13.7	0.51	71.16	0.0	6.49	0.0	3.81	3.4	0.21	0.1	0.21	0.41	 c = E
11.3	0.0	40.68	0.0	12.43	3.39	10.17	18.64	0.0	2.82	0.0	0.56	 d = FV
6.56	0.99	47.12	0.0	35.79	0.0	5.57	3.78	0.0	0.0	0.0	0.2	 e = I
20.85	0.43	46.06	0.0	1.7	5.53	5.11	10.0	0.0	2.77	7.13	0.43	 f = O
11.0	0.9	19.54	0.0	7.55	2.63	20.11	34.24	0.82	1.4	0.57	1.23	 g = SNRTY
1.11	0.05	1.7	0.0	1.18	0.48	1.65	93.44	0.05	0.2	0.07	0.09	 h = 0
10.53	0.25	38.6	0.0	18.55	1.25	9.27	14.04	0.25	2.51	4.26	0.5	 i = BMP
19.23	0.0	57.14	0.0	9.89	2.2	3.3	3.3	0.55	3.3	0.0	1.1	 j = DZ
19.3	0.0	30.88	0.0	4.91	3.51	5.61	1.05	0.0	1.05	33.68	0.0	 k = U
17.09	0.2	46.37	0.0	14.15	1.18	9.43	6.88	0.39	1.57	1.96	0.79	 l = SNRTXY
