Timestamp:2014-12-07-11:00:32
Inventario:I2
Intervalo:10ms
Ngramas:2
Clasificador:NaiveBayes
Relation Name:  I2-10ms-2gramas
Num Instances:  18295
Num Attributes: 21

     Name                      Type  Nom  Int Real     Missing      Unique  Dist
   1 0Int(dB)                   Num   0%  10%  90%     0 /  0%     7 /  0%   772 
   2 0Pitch(Hz)                 Num   0%  51%  49%     0 /  0%   816 /  4%  3063 
   3 0RawPitch                  Num   0%  54%  46%     0 /  0%   853 /  5%  2955 
   4 0SmPitch                   Num   0%  52%  48%     0 /  0%   827 /  5%  3024 
   5 0Melogram(st)              Num   0%  47%  53%     0 /  0%   581 /  3%  2807 
   6 0ZCross                    Num   0% 100%   0%     0 /  0%    10 /  0%    42 
   7 0F1(Hz)                    Num   0%  51%  49%     0 /  0%  2131 / 12%  4724 
   8 0F2(Hz)                    Num   0%  51%  49%     0 /  0%  4210 / 23%  6615 
   9 0F3(Hz)                    Num   0%  51%  49%     0 /  0%  3688 / 20%  6145 
  10 0F4(Hz)                    Num   0%  51%  49%     0 /  0%  3689 / 20%  6054 
  11 1Int(dB)                   Num   0%  10%  90%     0 /  0%     7 /  0%   772 
  12 1Pitch(Hz)                 Num   0%  51%  49%     0 /  0%   817 /  4%  3064 
  13 1RawPitch                  Num   0%  54%  46%     0 /  0%   854 /  5%  2956 
  14 1SmPitch                   Num   0%  52%  48%     0 /  0%   828 /  5%  3025 
  15 1Melogram(st)              Num   0%  47%  53%     0 /  0%   582 /  3%  2808 
  16 1ZCross                    Num   0% 100%   0%     0 /  0%    10 /  0%    42 
  17 1F1(Hz)                    Num   0%  51%  49%     0 /  0%  2131 / 12%  4724 
  18 1F2(Hz)                    Num   0%  51%  49%     0 /  0%  4210 / 23%  6615 
  19 1F3(Hz)                    Num   0%  51%  49%     0 /  0%  3688 / 20%  6145 
  20 1F4(Hz)                    Num   0%  51%  49%     0 /  0%  3689 / 20%  6054 
  21 class                      Nom 100%   0%   0%     0 /  0%     0 /  0%    12 


Naive Bayes Classifier

                    Class
Attribute               A     LGJKC         E        FV         I         O     SNRTY         0       BMP        DZ         U    SNRTXY
                   (0.16)    (0.05)    (0.08)    (0.01)    (0.04)    (0.08)     (0.1)    (0.37)    (0.03)    (0.02)    (0.02)    (0.04)
========================================================================================================================================
0Int(dB)
  mean             -4.6583  -16.2401   -5.9386   -14.457   -9.6878    -8.538  -19.4109  -49.4515  -12.9285   -8.3922    -6.523   -9.9414
  std. dev.         9.9884   12.2596    8.7524    9.1174    8.9009   12.0283    10.127   15.1903   11.2858    6.7514    9.2325    8.3293
  weight sum          2940       894      1438       261       748      1377      1790      6797       594       274       423       759
  precision         0.1005    0.1005    0.1005    0.1005    0.1005    0.1005    0.1005    0.1005    0.1005    0.1005    0.1005    0.1005

0Pitch(Hz)
  mean            214.2999  128.6817  187.1289  141.0758   169.624   180.298   94.3626   13.6877  164.0251  195.7221  226.0414  182.2135
  std. dev.       107.3554  111.0053   89.1848  107.2369   79.3475  104.9788  107.8024   51.1466  110.3131   89.0024   90.8899  100.0054
  weight sum          2940       894      1438       261       748      1377      1790      6797       594       274       423       759
  precision         0.1626    0.1626    0.1626    0.1626    0.1626    0.1626    0.1626    0.1626    0.1626    0.1626    0.1626    0.1626

0RawPitch
  mean            203.4999  110.9701  182.7671  118.1042  160.2257  173.1119   75.5633   11.1121  151.3042  190.1364  217.7899  169.4048
  std. dev.        112.824  109.0129   93.8486  105.1012   83.7348   111.182   102.955   45.2351  114.0339   97.1465   96.3272  108.9815
  weight sum          2940       894      1438       261       748      1377      1790      6797       594       274       423       759
  precision         0.1679    0.1679    0.1679    0.1679    0.1679    0.1679    0.1679    0.1679    0.1679    0.1679    0.1679    0.1679

0SmPitch
  mean            212.0791  121.6063  185.0532  133.6333  167.3233  177.9648   87.8612   12.1409  160.0578  194.9849  225.0495  179.9486
  std. dev.       109.1565  112.5705    91.154  104.9032   80.6951  106.8233  106.1184   46.8868  112.2555   90.4121   91.3186  101.9152
  weight sum          2940       894      1438       261       748      1377      1790      6797       594       274       423       759
  precision         0.1647    0.1647    0.1647    0.1647    0.1647    0.1647    0.1647    0.1647    0.1647    0.1647    0.1647    0.1647

0Melogram(st)
  mean             51.3965     33.39   50.1673   40.1599   47.7876   46.7989   26.1691    4.1821   42.9332   51.7352   52.9506   47.2852
  std. dev.        16.7239    26.631    15.729   23.6891   17.1488   20.3195   27.3031   14.5486   23.4206   13.4859   16.4082   20.0308
  weight sum          2940       894      1438       261       748      1377      1790      6797       594       274       423       759
  precision         0.0294    0.0294    0.0294    0.0294    0.0294    0.0294    0.0294    0.0294    0.0294    0.0294    0.0294    0.0294

0ZCross
  mean              6.7426    2.7459    4.8777    2.0356    3.3458    4.0104    2.7652    0.1759    2.2633    3.4959    3.6091    3.1747
  std. dev.         4.6066    3.3195    3.2885    2.1197    3.3619    3.2415    4.9851    0.9112    2.1902    2.1909     2.929     4.441
  weight sum          2940       894      1438       261       748      1377      1790      6797       594       274       423       759
  precision         1.2927    1.2927    1.2927    1.2927    1.2927    1.2927    1.2927    1.2927    1.2927    1.2927    1.2927    1.2927

0F1(Hz)
  mean            664.8149  343.0599  452.4055  427.4933  353.4925  474.0843  295.3809   46.3495  387.8062   498.733  482.6221  460.7272
  std. dev.       276.6469  275.0916  159.6131  266.6231  155.8578  229.5879  296.5686  157.5663  236.7462  169.3003  319.3509  200.6921
  weight sum          2940       894      1438       261       748      1377      1790      6797       594       274       423       759
  precision         0.3688    0.3688    0.3688    0.3688    0.3688    0.3688    0.3688    0.3688    0.3688    0.3688    0.3688    0.3688

0F2(Hz)
  mean           1438.6375 1150.3033 1730.4304 1255.6134 1886.1841 1149.4791  894.1643  141.6776 1355.9289 1445.7075 1027.4385 1508.1246
  std. dev.       474.1145   873.282  583.9406  728.5852  727.5947  557.6755  862.1798  475.8914   740.105  386.9614  482.4236    590.94
  weight sum          2940       894      1438       261       748      1377      1790      6797       594       274       423       759
  precision         0.4504    0.4504    0.4504    0.4504    0.4504    0.4504    0.4504    0.4504    0.4504    0.4504    0.4504    0.4504

0F3(Hz)
  mean           2639.6428  1897.303 2566.2209 2161.8658 2569.2982 2474.5963 1537.2883  243.8031 2275.3297 2794.9126 2578.9648 2594.0512
  std. dev.       836.6339 1417.1772  864.4824 1236.4745 1001.9819 1047.0894 1464.7026  803.7435 1178.2882  636.9647   937.242  937.3283
  weight sum          2940       894      1438       261       748      1377      1790      6797       594       274       423       759
  precision         0.6705    0.6705    0.6705    0.6705    0.6705    0.6705    0.6705    0.6705    0.6705    0.6705    0.6705    0.6705

0F4(Hz)
  mean           3062.2428 2159.8942 3090.2109 2569.1202 3069.7504 2853.8724 1768.7383  293.9019  2712.388 3253.5853 2942.8419 2972.1824
  std. dev.        957.834  1601.298 1010.4123  1435.181 1158.3793 1192.6404 1673.0189  966.7162 1372.7244  716.7462  994.8814 1071.9421
  weight sum          2940       894      1438       261       748      1377      1790      6797       594       274       423       759
  precision         0.6851    0.6851    0.6851    0.6851    0.6851    0.6851    0.6851    0.6851    0.6851    0.6851    0.6851    0.6851

1Int(dB)
  mean             -4.4871  -15.2573   -5.4216  -14.8768   -9.1229   -8.3525  -19.6701  -49.8199  -12.4295   -8.4296   -5.5461  -10.5318
  std. dev.         9.7495    10.927    8.2134    8.5952    8.6417   12.1594    9.5288   14.6152   10.5978    6.9616    7.9501     8.325
  weight sum          2940       894      1438       261       748      1377      1790      6797       594       274       423       759
  precision         0.1005    0.1005    0.1005    0.1005    0.1005    0.1005    0.1005    0.1005    0.1005    0.1005    0.1005    0.1005

1Pitch(Hz)
  mean            215.0265  137.3922  190.3918  138.4937  173.2212  179.1301   92.2528   11.8118  166.0775  195.1331  230.9859  180.0702
  std. dev.       106.7631  110.1699   87.4257  106.1938   75.5653   103.979  107.9322   47.8985  107.8218   90.1576   83.0165  101.0521
  weight sum          2940       894      1438       261       748      1377      1790      6797       594       274       423       759
  precision         0.1626    0.1626    0.1626    0.1626    0.1626    0.1626    0.1626    0.1626    0.1626    0.1626    0.1626    0.1626

1RawPitch
  mean            204.5729  116.3073  186.9416  114.3432  164.8509  172.8881   72.9898    9.4597  152.1597  189.7645  221.8351  166.2729
  std. dev.       112.2304  108.9258   92.1579  102.4081   80.9322  110.0663  101.5246   41.8723   112.921   97.5291   90.5835  110.4658
  weight sum          2940       894      1438       261       748      1377      1790      6797       594       274       423       759
  precision         0.1679    0.1679    0.1679    0.1679    0.1679    0.1679    0.1679    0.1679    0.1679    0.1679    0.1679    0.1679

1SmPitch
  mean            213.0261   128.625  188.8901  131.3637   170.918  177.1958   85.9766   10.2225   161.354  194.7762  230.1655  177.2448
  std. dev.       108.3889  112.6617   88.8533  103.6517   77.6434  105.5718  106.0894   43.0537   110.475   90.8856   83.5323  103.3036
  weight sum          2940       894      1438       261       748      1377      1790      6797       594       274       423       759
  precision         0.1647    0.1647    0.1647    0.1647    0.1647    0.1647    0.1647    0.1647    0.1647    0.1647    0.1647    0.1647

1Melogram(st)
  mean             51.7443    35.144    50.757   39.8199   48.7629   46.9889   25.4753    3.6598   43.3262   51.4874   54.7081   46.6828
  std. dev.        16.1385   26.3517   14.7786   23.9008   15.7624   20.0024   27.3689   13.7158   23.0622    13.878      13.2   20.5693
  weight sum          2940       894      1438       261       748      1377      1790      6797       594       274       423       759
  precision         0.0294    0.0294    0.0294    0.0294    0.0294    0.0294    0.0294    0.0294    0.0294    0.0294    0.0294    0.0294

1ZCross
  mean              6.8081    2.9064    4.8831     1.892    3.3285    4.0329    2.7507    0.1407    2.2589    3.6374     3.713    2.9907
  std. dev.         4.5857    3.4356    3.1607    1.9842    3.1155    2.9611    5.0596    0.7914    2.0707    2.2054    2.8728    4.7609
  weight sum          2940       894      1438       261       748      1377      1790      6797       594       274       423       759
  precision         1.2927    1.2927    1.2927    1.2927    1.2927    1.2927    1.2927    1.2927    1.2927    1.2927    1.2927    1.2927

1F1(Hz)
  mean            684.8624  343.2191  467.7497  399.7197  366.3373  488.3137  268.2924   40.0642  383.8168  501.2874  499.4556  437.8799
  std. dev.       260.7635  271.7997  137.6849  273.4014  136.8258  220.1308  291.6443  146.5236  232.2972  170.6693   302.477  199.7748
  weight sum          2940       894      1438       261       748      1377      1790      6797       594       274       423       759
  precision         0.3688    0.3688    0.3688    0.3688    0.3688    0.3688    0.3688    0.3688    0.3688    0.3688    0.3688    0.3688

1F2(Hz)
  mean             1462.31 1149.6364 1804.3312 1203.5318 1998.9223 1157.6298  822.9576  123.4695 1349.6905 1443.6267 1072.0404 1480.9848
  std. dev.       430.5852  861.6155  496.1344  754.0967  624.7892  525.4581  861.1325  446.9566  728.3086  393.2262  424.8655  609.8719
  weight sum          2940       894      1438       261       748      1377      1790      6797       594       274       423       759
  precision         0.4504    0.4504    0.4504    0.4504    0.4504    0.4504    0.4504    0.4504    0.4504    0.4504    0.4504    0.4504

1F3(Hz)
  mean           2687.7356 1918.2772 2653.2835 2069.2644 2693.2397 2526.8298  1411.417  212.0373 2268.8241 2791.7189 2703.6172 2551.1384
  std. dev.       764.2898 1413.3864  742.6344 1282.9054  863.6174  995.0347 1463.9451  754.2349 1165.0514  658.6982  758.4179  977.5902
  weight sum          2940       894      1438       261       748      1377      1790      6797       594       274       423       759
  precision         0.6705    0.6705    0.6705    0.6705    0.6705    0.6705    0.6705    0.6705    0.6705    0.6705    0.6705    0.6705

1F4(Hz)
  mean           3116.7672 2186.2274 3189.0151 2471.0333 3209.5559 2910.5036 1625.0449  256.0029 2720.5333 3246.4091 3086.4504 2930.4338
  std. dev.       872.2076  1597.389  856.4692 1495.7988  985.3806 1127.9374 1675.2068  908.3598 1363.5495  742.7362  766.0819 1124.8723
  weight sum          2940       894      1438       261       748      1377      1790      6797       594       274       423       759
  precision         0.6851    0.6851    0.6851    0.6851    0.6851    0.6851    0.6851    0.6851    0.6851    0.6851    0.6851    0.6851





=== Stratified cross-validation ===

Correctly Classified Instances        9561               52.2602 %
Incorrectly Classified Instances      8734               47.7398 %
Kappa statistic                          0.4051
K&B Relative Info Score             703318.559  %
K&B Information Score                20461.3786 bits      1.1184 bits/instance
Class complexity | order 0           53206.9102 bits      2.9083 bits/instance
Class complexity | scheme           214601.6351 bits     11.7301 bits/instance
Complexity improvement     (Sf)    -161394.7249 bits     -8.8218 bits/instance
Mean absolute error                      0.0822
Root mean squared error                  0.2458
Relative absolute error                 61.139  %
Root relative squared error             94.8046 %
Coverage of cases (0.95 level)          65.7502 %
Mean rel. region size (0.95 level)      19.1131 %
Total Number of Instances            18295     


=== Detailed Accuracy By Class ===

                 TP Rate  FP Rate  Precision  Recall   F-Measure  MCC      ROC Area  PRC Area  Class
                 0,523    0,060    0,626      0,523    0,570      0,499    0,874     0,604     A
                 0,028    0,010    0,123      0,028    0,046      0,036    0,691     0,085     LGJKC
                 0,586    0,103    0,327      0,586    0,420      0,374    0,853     0,383     E
                 0,042    0,013    0,044      0,042    0,043      0,029    0,740     0,031     FV
                 0,328    0,039    0,265      0,328    0,293      0,261    0,856     0,266     I
                 0,008    0,003    0,186      0,008    0,015      0,024    0,775     0,191     O
                 0,227    0,041    0,377      0,227    0,283      0,235    0,758     0,290     SNRTY
                 0,913    0,116    0,824      0,913    0,866      0,783    0,963     0,957     0
                 0,007    0,005    0,042      0,007    0,012      0,004    0,726     0,059     BMP
                 0,471    0,143    0,048      0,471    0,087      0,112    0,807     0,046     DZ
                 0,326    0,009    0,465      0,326    0,383      0,377    0,862     0,325     U
                 0,005    0,007    0,033      0,005    0,009      -0,003   0,726     0,072     SNRTXY
Weighted Avg.    0,523    0,070    0,515      0,523    0,501      0,449    0,863     0,554     


=== Confusion Matrix ===

    a    b    c    d    e    f    g    h    i    j    k    l   <-- classified as
 1538   45  414   39   63   12   97  118    7  573   16   18 |    a = A
   75   25  165   14   65    7  123  207    9  185    5   14 |    b = LGJKC
  175   39  843   11   79    3   45   52   12  165    9    5 |    c = E
   24    1   31   11   27    1   25   49    0   85    0    7 |    d = FV
   44   20  314    8  245    0   44   35   12   22    1    3 |    e = I
  213   21  316   32   24   11   58  135    6  459   87   15 |    f = O
  115   27  121   53  110    5  406  586   21  305    7   34 |    g = SNRTY
   24    5   69   46   92   14  129 6207   13  182    5   11 |    h = 0
   54    7  103    9   93    1   56   86    4  155   18    8 |    i = BMP
   45    0   56    3   25    0    6    9    0  129    0    1 |    j = DZ
   64   11   44    3   17    4   18    8    7  109  138    0 |    k = U
   86    3  100   22   85    1   69   44    4  330   11    4 |    l = SNRTXY

=== Percent Confusion Matrix ===
a	b	c	d	e	f	g	h	i	j	k	l	
52.31	1.53	14.08	1.33	2.14	0.41	3.3	4.01	0.24	19.49	0.54	0.61	 a = A
8.39	2.8	18.46	1.57	7.27	0.78	13.76	23.15	1.01	20.69	0.56	1.57	 b = LGJKC
12.17	2.71	58.62	0.76	5.49	0.21	3.13	3.62	0.83	11.47	0.63	0.35	 c = E
9.2	0.38	11.88	4.21	10.34	0.38	9.58	18.77	0.0	32.57	0.0	2.68	 d = FV
5.88	2.67	41.98	1.07	32.75	0.0	5.88	4.68	1.6	2.94	0.13	0.4	 e = I
15.47	1.53	22.95	2.32	1.74	0.8	4.21	9.8	0.44	33.33	6.32	1.09	 f = O
6.42	1.51	6.76	2.96	6.15	0.28	22.68	32.74	1.17	17.04	0.39	1.9	 g = SNRTY
0.35	0.07	1.02	0.68	1.35	0.21	1.9	91.32	0.19	2.68	0.07	0.16	 h = 0
9.09	1.18	17.34	1.52	15.66	0.17	9.43	14.48	0.67	26.09	3.03	1.35	 i = BMP
16.42	0.0	20.44	1.09	9.12	0.0	2.19	3.28	0.0	47.08	0.0	0.36	 j = DZ
15.13	2.6	10.4	0.71	4.02	0.95	4.26	1.89	1.65	25.77	32.62	0.0	 k = U
11.33	0.4	13.18	2.9	11.2	0.13	9.09	5.8	0.53	43.48	1.45	0.53	 l = SNRTXY
