Timestamp:2014-12-07-10:52:34
Inventario:I2
Intervalo:1ms
Ngramas:1
Clasificador:NaiveBayes
Relation Name:  I2-1ms-1gramas
Num Instances:  183404
Num Attributes: 11

     Name                      Type  Nom  Int Real     Missing      Unique  Dist
   1 0Int(dB)                   Num   0%   9%  91%     0 /  0%     3 /  0%   781 
   2 0Pitch(Hz)                 Num   0%  51%  49%     0 /  0%   256 /  0%  4213 
   3 0RawPitch                  Num   0%  55%  45%     0 /  0%   417 /  0%  4119 
   4 0SmPitch                   Num   0%  53%  47%     0 /  0%   263 /  0%  4193 
   5 0Melogram(st)              Num   0%  49%  51%     0 /  0%   133 /  0%  3454 
   6 0ZCross                    Num   0% 100%   0%     0 /  0%     4 /  0%    58 
   7 0F1(Hz)                    Num   0%  52%  48%     0 /  0%  1154 /  1%  4824 
   8 0F2(Hz)                    Num   0%  52%  48%     0 /  0%  2223 /  1%  6697 
   9 0F3(Hz)                    Num   0%  53%  47%     0 /  0%  1930 /  1%  6200 
  10 0F4(Hz)                    Num   0%  52%  48%     0 /  0%  1933 /  1%  6096 
  11 class                      Nom 100%   0%   0%     0 /  0%     0 /  0%    12 


Naive Bayes Classifier

                    Class
Attribute               A     LGJKC         E        FV         I         O     SNRTY         0       BMP        DZ         U    SNRTXY
                   (0.16)    (0.05)    (0.07)    (0.01)    (0.04)    (0.07)    (0.09)    (0.39)    (0.03)    (0.01)    (0.02)    (0.04)
========================================================================================================================================
0Int(dB)
  mean              -4.254  -14.9678   -5.1788  -15.0107    -8.647   -8.1757  -19.6536   -48.118  -12.2049   -8.1344   -5.0188  -10.6411
  std. dev.         9.6114   10.8189    8.0296     8.868    8.3528   12.2243    9.4301   16.2751   10.5691    6.7971    7.4803    8.3704
  weight sum         28557      8827     13740      2561      7083     13234     17273     72117      5814      2682      4137      7379
  precision         0.1037    0.1037    0.1037    0.1037    0.1037    0.1037    0.1037    0.1037    0.1037    0.1037    0.1037    0.1037

0Pitch(Hz)
  mean            215.1081  132.4771  190.4015  129.6994  173.2101  177.8211   80.9904   16.7875  159.9332  197.2811  229.5826  174.6755
  std. dev.       108.7696  111.7771   87.7758  107.2959   76.2773  105.3227  105.5148   56.4047  110.8047   89.0991   83.7347  103.6934
  weight sum         28557      8827     13740      2561      7083     13234     17273     72117      5814      2682      4137      7379
  precision         0.1184    0.1184    0.1184    0.1184    0.1184    0.1184    0.1184    0.1184    0.1184    0.1184    0.1184    0.1184

0RawPitch
  mean            204.7122   109.152  185.6605    104.69  165.7379  172.1393   62.1577   13.7653  148.2899  190.4432  220.7885  160.1302
  std. dev.       115.5921   110.843   95.6276  103.2429   83.9735  113.0491   99.0319   51.2108  116.3341   98.9727   92.5273  113.6492
  weight sum         28557      8827     13740      2561      7083     13234     17273     72117      5814      2682      4137      7379
  precision         0.1214    0.1214    0.1214    0.1214    0.1214    0.1214    0.1214    0.1214    0.1214    0.1214    0.1214    0.1214

0SmPitch
  mean            213.2106  122.5657  189.0092  119.5928  170.7795  175.6214   74.1645   15.1791  155.3207  196.7284  229.0387  171.4678
  std. dev.       110.2529  113.0809   88.9353  104.4955    78.963  107.5646  103.2478   52.6857  113.4664   90.0706   84.1352  105.7741
  weight sum         28557      8827     13740      2561      7083     13234     17273     72117      5814      2682      4137      7379
  precision          0.119     0.119     0.119     0.119     0.119     0.119     0.119     0.119     0.119     0.119     0.119     0.119

0Melogram(st)
  mean             51.2091   33.0011   50.4242   36.4608   48.5268   46.3993     21.73    4.9362    41.496   51.7797   54.2789   45.6436
  std. dev.        17.1327   26.9118   15.4261   25.2383   16.1496   20.5969   26.8358   15.6357   24.2847   13.7295   13.7888   21.3732
  weight sum         28557      8827     13740      2561      7083     13234     17273     72117      5814      2682      4137      7379
  precision         0.0239    0.0239    0.0239    0.0239    0.0239    0.0239    0.0239    0.0239    0.0239    0.0239    0.0239    0.0239

0ZCross
  mean              7.3004    3.1718    5.2275    2.0522    3.7468    4.3624    2.9555    0.2613    2.5306    4.0262    4.0827    3.2165
  std. dev.         4.7448    3.8289     3.329    2.2158    3.3104    3.0942    5.4506     1.158    2.2366    2.3277    2.9766    5.0775
  weight sum         28557      8827     13740      2561      7083     13234     17273     72117      5814      2682      4137      7379
  precision         1.0175    1.0175    1.0175    1.0175    1.0175    1.0175    1.0175    1.0175    1.0175    1.0175    1.0175    1.0175

0F1(Hz)
  mean            683.5492   327.868   466.604  376.1761  363.6076   485.985   237.758   54.1437  370.5749  505.4969  501.0702  423.9395
  std. dev.       270.1486  273.5809  142.2478  278.4193  141.3453  225.6523  286.8682  166.9989   236.559  171.2455  305.5336  203.7829
  weight sum         28557      8827     13740      2561      7083     13234     17273     72117      5814      2682      4137      7379
  precision         0.3611    0.3611    0.3611    0.3611    0.3611    0.3611    0.3611    0.3611    0.3611    0.3611    0.3611    0.3611

0F2(Hz)
  mean           1443.5164 1107.0558 1799.2434 1156.6522 1992.3968  1138.609  730.9378  169.6309 1303.9361  1448.146 1060.1575 1448.1831
  std. dev.       451.7609  873.9897  511.5475  785.3266  653.6523   531.629  852.0875  518.0327  748.5317  393.8005  414.9703  630.5403
  weight sum         28557      8827     13740      2561      7083     13234     17273     72117      5814      2682      4137      7379
  precision         0.4448    0.4448    0.4448    0.4448    0.4448    0.4448    0.4448    0.4448    0.4448    0.4448    0.4448    0.4448

0F3(Hz)
  mean           2658.1212 1846.1724 2635.6414 1966.8613 2676.2267 2503.6829 1251.9866  289.1552 2195.7732 2797.7777 2694.2989 2500.2386
  std. dev.       809.8058 1436.6578   764.297 1324.7402   902.456 1021.0061 1449.7111  868.2099 1205.5074  672.0457   752.613 1025.1734
  weight sum         28557      8827     13740      2561      7083     13234     17273     72117      5814      2682      4137      7379
  precision         0.6646    0.6646    0.6646    0.6646    0.6646    0.6646    0.6646    0.6646    0.6646    0.6646    0.6646    0.6646

0F4(Hz)
  mean           3082.4058 2105.6195 3173.7603 2355.3511 3178.8998 2879.5448 1438.3759  347.6649 2641.4866 3238.8126 3088.1777 2873.9184
  std. dev.       925.1344 1624.8954  884.9534 1550.8738 1028.8621 1156.4562 1655.1492 1041.4648 1418.3454    754.11  760.6201 1180.9413
  weight sum         28557      8827     13740      2561      7083     13234     17273     72117      5814      2682      4137      7379
  precision         0.6804    0.6804    0.6804    0.6804    0.6804    0.6804    0.6804    0.6804    0.6804    0.6804    0.6804    0.6804





=== Stratified cross-validation ===

Correctly Classified Instances      100253               54.6624 %
Incorrectly Classified Instances     83151               45.3376 %
Kappa statistic                          0.4145
K&B Relative Info Score            7190231.8234 %
K&B Information Score               205427.9522 bits      1.1201 bits/instance
Class complexity | order 0          523971.7337 bits      2.8569 bits/instance
Class complexity | scheme          1188405.5818 bits      6.4797 bits/instance
Complexity improvement     (Sf)    -664433.8481 bits     -3.6228 bits/instance
Mean absolute error                      0.0825
Root mean squared error                  0.233 
Relative absolute error                 62.3605 %
Root relative squared error             90.5633 %
Coverage of cases (0.95 level)          73.2601 %
Mean rel. region size (0.95 level)      27.0581 %
Total Number of Instances           183404     


=== Detailed Accuracy By Class ===

                 TP Rate  FP Rate  Precision  Recall   F-Measure  MCC      ROC Area  PRC Area  Class
                 0,633    0,077    0,603      0,633    0,617      0,545    0,885     0,616     A
                 0,027    0,009    0,135      0,027    0,045      0,040    0,692     0,085     LGJKC
                 0,725    0,210    0,218      0,725    0,335      0,313    0,869     0,393     E
                 0,000    0,001    0,000      0,000    0,000      -0,003   0,727     0,029     FV
                 0,253    0,030    0,252      0,253    0,253      0,222    0,870     0,312     I
                 0,056    0,011    0,280      0,056    0,094      0,097    0,780     0,193     O
                 0,192    0,033    0,376      0,192    0,254      0,217    0,795     0,295     SNRTY
                 0,894    0,147    0,798      0,894    0,843      0,735    0,950     0,949     0
                 0,004    0,002    0,057      0,004    0,007      0,007    0,726     0,058     BMP
                 0,039    0,010    0,054      0,039    0,045      0,034    0,814     0,047     DZ
                 0,348    0,009    0,461      0,348    0,397      0,389    0,878     0,363     U
                 0,017    0,006    0,113      0,017    0,029      0,029    0,745     0,078     SNRTXY
Weighted Avg.    0,547    0,092    0,513      0,547    0,506      0,446    0,869     0,570     


=== Confusion Matrix ===

     a     b     c     d     e     f     g     h     i     j     k     l   <-- classified as
 18064   256  6597    58   367   366   680  1565    33   433    31   107 |     a = A
   883   241  3415     5   444   146   989  2398    61    42    54   149 |     b = LGJKC
  1873   183  9955     1   572    21   421   543    52    13    35    71 |     c = E
   216    15   963     0   251    98   217   667    12    90    13    19 |     d = FV
   402   188  3970     0  1794     0   287   393    10     2     1    36 |     e = I
  2899   136  5824     7   150   745   522  1467    17   462   946    59 |     f = O
  1350   360  3023    23   821   380  3318  7368    87   221    66   256 |     g = SNRTY
  1184   212  2987    14   996   444  1249 64444    54   259    91   183 |     h = 0
   634    76  2371    11   712    91   356  1087    22   125   281    48 |     i = BMP
   527     0  1626     0   137    55    44   102    12   104    22    53 |     j = DZ
   800    66  1258     0   158   176    91    71     8    66  1441     2 |     k = U
  1118    47  3649     0   723   143   640   648    20   118   148   125 |     l = SNRTXY

=== Percent Confusion Matrix ===
a	b	c	d	e	f	g	h	i	j	k	l	
63.26	0.9	23.1	0.2	1.29	1.28	2.38	5.48	0.12	1.52	0.11	0.37	 a = A
10.0	2.73	38.69	0.06	5.03	1.65	11.2	27.17	0.69	0.48	0.61	1.69	 b = LGJKC
13.63	1.33	72.45	0.01	4.16	0.15	3.06	3.95	0.38	0.09	0.25	0.52	 c = E
8.43	0.59	37.6	0.0	9.8	3.83	8.47	26.04	0.47	3.51	0.51	0.74	 d = FV
5.68	2.65	56.05	0.0	25.33	0.0	4.05	5.55	0.14	0.03	0.01	0.51	 e = I
21.91	1.03	44.01	0.05	1.13	5.63	3.94	11.09	0.13	3.49	7.15	0.45	 f = O
7.82	2.08	17.5	0.13	4.75	2.2	19.21	42.66	0.5	1.28	0.38	1.48	 g = SNRTY
1.64	0.29	4.14	0.02	1.38	0.62	1.73	89.36	0.07	0.36	0.13	0.25	 h = 0
10.9	1.31	40.78	0.19	12.25	1.57	6.12	18.7	0.38	2.15	4.83	0.83	 i = BMP
19.65	0.0	60.63	0.0	5.11	2.05	1.64	3.8	0.45	3.88	0.82	1.98	 j = DZ
19.34	1.6	30.41	0.0	3.82	4.25	2.2	1.72	0.19	1.6	34.83	0.05	 k = U
15.15	0.64	49.45	0.0	9.8	1.94	8.67	8.78	0.27	1.6	2.01	1.69	 l = SNRTXY
