Timestamp:2014-12-07-11:01:18
Inventario:I2
Intervalo:20ms
Ngramas:2
Clasificador:NaiveBayes
Relation Name:  I2-20ms-2gramas
Num Instances:  9128
Num Attributes: 21

     Name                      Type  Nom  Int Real     Missing      Unique  Dist
   1 0Int(dB)                   Num   0%  11%  89%     0 /  0%    14 /  0%   764 
   2 0Pitch(Hz)                 Num   0%  49%  51%     0 /  0%  1033 / 11%  2440 
   3 0RawPitch                  Num   0%  52%  48%     0 /  0%  1062 / 12%  2369 
   4 0SmPitch                   Num   0%  50%  50%     0 /  0%  1056 / 12%  2419 
   5 0Melogram(st)              Num   0%  45%  55%     0 /  0%   937 / 10%  2341 
   6 0ZCross                    Num   0% 100%   0%     0 /  0%     7 /  0%    34 
   7 0F1(Hz)                    Num   0%  49%  51%     0 /  0%  2180 / 24%  3398 
   8 0F2(Hz)                    Num   0%  49%  51%     0 /  0%  3463 / 38%  4259 
   9 0F3(Hz)                    Num   0%  49%  51%     0 /  0%  3209 / 35%  4087 
  10 0F4(Hz)                    Num   0%  49%  51%     0 /  0%  3134 / 34%  4027 
  11 1Int(dB)                   Num   0%  11%  89%     0 /  0%    14 /  0%   764 
  12 1Pitch(Hz)                 Num   0%  49%  51%     0 /  0%  1033 / 11%  2440 
  13 1RawPitch                  Num   0%  52%  48%     0 /  0%  1062 / 12%  2369 
  14 1SmPitch                   Num   0%  50%  50%     0 /  0%  1056 / 12%  2419 
  15 1Melogram(st)              Num   0%  45%  55%     0 /  0%   938 / 10%  2342 
  16 1ZCross                    Num   0% 100%   0%     0 /  0%     7 /  0%    34 
  17 1F1(Hz)                    Num   0%  49%  51%     0 /  0%  2180 / 24%  3398 
  18 1F2(Hz)                    Num   0%  49%  51%     0 /  0%  3463 / 38%  4259 
  19 1F3(Hz)                    Num   0%  49%  51%     0 /  0%  3209 / 35%  4087 
  20 1F4(Hz)                    Num   0%  49%  51%     0 /  0%  3134 / 34%  4027 
  21 class                      Nom 100%   0%   0%     0 /  0%     0 /  0%    12 


Naive Bayes Classifier

                    Class
Attribute               A     LGJKC         E        FV         I         O     SNRTY         0       BMP        DZ         U    SNRTXY
                   (0.16)    (0.05)    (0.08)    (0.02)    (0.04)    (0.08)     (0.1)    (0.35)    (0.03)    (0.02)    (0.02)    (0.04)
========================================================================================================================================
0Int(dB)
  mean              -5.641  -16.4002   -7.2226  -12.3449  -10.9862   -9.7163   -17.898  -50.1358   -12.305   -7.9351   -8.0296   -8.7825
  std. dev.        10.8727   13.9486    9.4909   10.3558    9.3463   12.1824   11.1541   14.5007   11.5328    6.9104    9.9998    8.1424
  weight sum          1505       450       746       138       385       712       914      3236       299       138       218       387
  precision         0.1008    0.1008    0.1008    0.1008    0.1008    0.1008    0.1008    0.1008    0.1008    0.1008    0.1008    0.1008

0Pitch(Hz)
  mean            211.1547  135.0979   183.146  161.6772  163.4233  177.1418  114.1164   12.2267  174.4724  192.6531  221.0527  190.8829
  std. dev.       109.0219  110.0777   90.4096  107.4647   84.1925  106.6856  108.7689   48.3613  105.6613    88.609   98.5341    93.451
  weight sum          1505       450       746       138       385       712       914      3236       299       138       218       387
  precision         0.2034    0.2034    0.2034    0.2034    0.2034    0.2034    0.2034    0.2034    0.2034    0.2034    0.2034    0.2034

0RawPitch
  mean            200.9312  123.3527  176.8718  134.4189  153.6209  168.1349   97.1459   10.0496  163.2284  186.1671  210.2912   180.646
  std. dev.       113.0094   109.512   96.4397  106.6169   86.0466   111.735  108.0956   42.5592  110.9161   96.0987  103.8231   101.702
  weight sum          1505       450       746       138       385       712       914      3236       299       138       218       387
  precision         0.2088    0.2088    0.2088    0.2088    0.2088    0.2088    0.2088    0.2088    0.2088    0.2088    0.2088    0.2088

0SmPitch
  mean            209.2749  130.4583  181.1568   150.738  161.2553  174.8902  107.9675   10.6901  171.9345  191.2271  219.9482  188.5966
  std. dev.       110.3154  111.6593   92.1927  103.6325   84.9278  108.2193  108.8075   43.8936  107.9136   90.5485    99.473   96.1418
  weight sum          1505       450       746       138       385       712       914      3236       299       138       218       387
  precision         0.2051    0.2051    0.2051    0.2051    0.2051    0.2051    0.2051    0.2051    0.2051    0.2051    0.2051    0.2051

0Melogram(st)
  mean             50.6224    36.376   49.1776   45.2162   45.9084   46.5218   31.3986    3.7033   45.7201   51.4088   50.6374   49.4702
  std. dev.        17.7748   25.8023   17.1261   20.2304   18.9795   20.6378   26.9257   13.7381    21.266   13.7531    19.473   17.7115
  weight sum          1505       450       746       138       385       712       914      3236       299       138       218       387
  precision         0.0353    0.0353    0.0353    0.0353    0.0353    0.0353    0.0353    0.0353    0.0353    0.0353    0.0353    0.0353

0ZCross
  mean              6.4973    2.7095    4.6951    2.7115    3.0678    3.8039    2.8588    0.1471    2.4688    3.5415    3.4387    3.3512
  std. dev.         4.7305    2.8951    3.4013    2.5858     3.289    3.4966    4.5876    0.8713    2.5057    2.2242    3.0618    3.2088
  weight sum          1505       450       746       138       385       712       914      3236       299       138       218       387
  precision         1.2727    1.2727    1.2727    1.2727    1.2727    1.2727    1.2727    1.2727    1.2727    1.2727    1.2727    1.2727

0F1(Hz)
  mean            632.5964  383.0878  435.3843  487.8092  340.7633  450.1528  369.5509   45.7552  423.0991  494.4923  462.9492   505.073
  std. dev.       296.8673  271.1426  182.9634    232.81  174.3406  244.2194  290.4831  157.7973  227.7907  163.5032  332.7223  181.6483
  weight sum          1505       450       746       138       385       712       914      3236       299       138       218       387
  precision         0.5127    0.5127    0.5127    0.5127    0.5127    0.5127    0.5127    0.5127    0.5127    0.5127    0.5127    0.5127

0F2(Hz)
  mean           1400.8405 1254.1885 1633.7862 1414.8511 1740.6907 1123.9385 1116.0376  138.7352 1449.4723 1449.0269  1000.033 1598.0563
  std. dev.       532.4998  842.5197  662.2232  640.3559  805.0767  603.6465  831.8752  473.9153  686.1573  382.0215   546.594  503.8129
  weight sum          1505       450       746       138       385       712       914      3236       299       138       218       387
  precision         0.6985    0.6985    0.6985    0.6985    0.6985    0.6985    0.6985    0.6985    0.6985    0.6985    0.6985    0.6985

0F3(Hz)
  mean           2566.7052 2055.7862 2466.1143 2406.0546 2427.5868 2381.9061 1913.4664    236.77 2437.2044 2791.3469  2460.271 2734.4611
  std. dev.       934.1062 1349.7339  983.2863 1054.0979 1119.2236 1133.1835 1397.5103   790.092 1070.9844   620.118 1089.2339  763.2448
  weight sum          1505       450       746       138       385       712       914      3236       299       138       218       387
  precision         1.0065    1.0065    1.0065    1.0065    1.0065    1.0065    1.0065    1.0065    1.0065    1.0065    1.0065    1.0065

0F4(Hz)
  mean           2970.9678 2352.0886  2968.206 2858.1926 2906.6724 2739.0875 2212.7873  289.9922  2883.526 3255.5773  2778.374 3118.5716
  std. dev.      1072.0689 1533.4925 1156.9806 1217.3342 1305.1093 1292.2218 1602.7043  965.4827 1232.2639  686.1677 1167.5154  860.9192
  weight sum          1505       450       746       138       385       712       914      3236       299       138       218       387
  precision         1.0301    1.0301    1.0301    1.0301    1.0301    1.0301    1.0301    1.0301    1.0301    1.0301    1.0301    1.0301

1Int(dB)
  mean             -4.7838  -15.4416   -5.6493  -13.9655   -9.5022   -8.6644  -19.5414  -50.8578  -12.4527   -8.6538   -5.9413  -10.0404
  std. dev.          9.917   11.1773    8.2505    8.9902    8.6317   12.1183    9.6185   13.3657   10.4872    7.2422    8.0011    8.0706
  weight sum          1505       450       746       138       385       712       914      3236       299       138       218       387
  precision         0.1008    0.1008    0.1008    0.1008    0.1008    0.1008    0.1008    0.1008    0.1008    0.1008    0.1008    0.1008

1Pitch(Hz)
  mean            215.4717  142.0778  192.4898  152.2312  174.3019  180.2959  104.1051    8.6361  173.7208  190.1568  232.3523  184.1661
  std. dev.       105.3209  107.9314    85.636   105.769   75.0715  103.4062  108.2551    41.214  104.0157   91.3345   82.3117   97.3536
  weight sum          1505       450       746       138       385       712       914      3236       299       138       218       387
  precision         0.2034    0.2034    0.2034    0.2034    0.2034    0.2034    0.2034    0.2034    0.2034    0.2034    0.2034    0.2034

1RawPitch
  mean            205.1279  123.5759  188.8553  123.0765  166.4766  174.0908   86.1062    6.9049  156.9007  185.4439  222.5693  172.6016
  std. dev.       110.0217  108.7094   89.4789  101.8456   78.7839  108.0935  104.5404   35.4988  112.4322   97.5665   89.8429  105.8742
  weight sum          1505       450       746       138       385       712       914      3236       299       138       218       387
  precision         0.2088    0.2088    0.2088    0.2088    0.2088    0.2088    0.2088    0.2088    0.2088    0.2088    0.2088    0.2088

1SmPitch
  mean            213.4208  133.1159  191.6241  141.6009  171.8543   178.962   97.7719     7.414  169.8194  189.6336  232.3227  181.8342
  std. dev.       106.8674  111.4709   86.4181  100.3995   76.5988  104.3249  107.7057    36.468  107.6346   92.3532   82.2366   99.7005
  weight sum          1505       450       746       138       385       712       914      3236       299       138       218       387
  precision         0.2051    0.2051    0.2051    0.2051    0.2051    0.2051    0.2051    0.2051    0.2051    0.2051    0.2051    0.2051

1Melogram(st)
  mean             52.0827   36.7952   51.3162   42.7509   49.4307   47.7311   28.1101    2.7463   45.7719   50.8347   54.9086   47.9275
  std. dev.        15.5643   25.8402   13.9659   21.9334   14.5646   19.2227    27.377   12.0032   21.2519   14.5044   12.8002   19.2949
  weight sum          1505       450       746       138       385       712       914      3236       299       138       218       387
  precision         0.0352    0.0352    0.0352    0.0352    0.0352    0.0352    0.0352    0.0352    0.0352    0.0352    0.0352    0.0352

1ZCross
  mean              6.7146    2.7972    4.8248    2.0843    3.1868    3.9665    2.6986    0.0853    2.2092    3.4862     3.573    2.9993
  std. dev.          4.535    3.0186    3.1533    2.0439    2.9527    3.0096    4.7727     0.629     2.095    2.2377    2.8222    4.3035
  weight sum          1505       450       746       138       385       712       914      3236       299       138       218       387
  precision         1.2727    1.2727    1.2727    1.2727    1.2727    1.2727    1.2727    1.2727    1.2727    1.2727    1.2727    1.2727

1F1(Hz)
  mean            680.6071  362.7342  468.1216  433.0067  362.9833  487.9887  305.0821   33.6314  402.1692  495.2687  498.1345  456.4619
  std. dev.       260.5161  271.2321  135.4424  254.6457  139.6622  219.6408  293.2229  134.9805  226.7452  176.0915  299.1257  189.4997
  weight sum          1505       450       746       138       385       712       914      3236       299       138       218       387
  precision         0.5127    0.5127    0.5127    0.5127    0.5127    0.5127    0.5127    0.5127    0.5127    0.5127    0.5127    0.5127

1F2(Hz)
  mean           1463.4676 1203.8626 1802.3085 1302.5905 1971.4305 1165.7924  937.3286  104.5868 1402.7174 1423.4659 1080.7158 1529.0513
  std. dev.       432.0523  847.9838  487.8366  701.6256  644.7659  525.3227  863.0234  415.8315  694.7863   407.382  431.8771  567.7466
  weight sum          1505       450       746       138       385       712       914      3236       299       138       218       387
  precision         0.6985    0.6985    0.6985    0.6985    0.6985    0.6985    0.6985    0.6985    0.6985    0.6985    0.6985    0.6985

1F3(Hz)
  mean           2691.8093 2000.3705 2662.4498 2220.2677 2672.9489 2534.4259 1601.4051  178.4164 2362.4099 2756.8647 2714.6841 2627.1885
  std. dev.       762.9907 1383.7036   729.876 1179.8092  890.7818  989.9708 1456.9288    693.97 1105.7815   698.638  768.9985  897.2101
  weight sum          1505       450       746       138       385       712       914      3236       299       138       218       387
  precision         1.0065    1.0065    1.0065    1.0065    1.0065    1.0065    1.0065    1.0065    1.0065    1.0065    1.0065    1.0065

1F4(Hz)
  mean            3114.979 2277.7553 3199.5596 2671.4019 3176.0491 2913.9175 1852.0608  219.8428 2816.8308 3224.9891  3074.217 3010.2722
  std. dev.       871.0219 1563.2483  841.1377 1380.3083 1017.7226 1121.3472 1674.0085  852.9609 1281.9538  787.9869  772.1011   1028.98
  weight sum          1505       450       746       138       385       712       914      3236       299       138       218       387
  precision         1.0301    1.0301    1.0301    1.0301    1.0301    1.0301    1.0301    1.0301    1.0301    1.0301    1.0301    1.0301





=== Stratified cross-validation ===

Correctly Classified Instances        4593               50.3177 %
Incorrectly Classified Instances      4535               49.6823 %
Kappa statistic                          0.3913
K&B Relative Info Score             342967.3134 %
K&B Information Score                10114.0492 bits      1.108  bits/instance
Class complexity | order 0           26901.0412 bits      2.9471 bits/instance
Class complexity | scheme           104409.0721 bits     11.4383 bits/instance
Complexity improvement     (Sf)     -77508.0309 bits     -8.4912 bits/instance
Mean absolute error                      0.0853
Root mean squared error                  0.2475
Relative absolute error                 62.6954 %
Root relative squared error             94.899  %
Coverage of cases (0.95 level)          67.2546 %
Mean rel. region size (0.95 level)      21.5564 %
Total Number of Instances             9128     


=== Detailed Accuracy By Class ===

                 TP Rate  FP Rate  Precision  Recall   F-Measure  MCC      ROC Area  PRC Area  Class
                 0,496    0,069    0,587      0,496    0,538      0,458    0,854     0,566     A
                 0,018    0,012    0,071      0,018    0,028      0,011    0,678     0,077     LGJKC
                 0,476    0,093    0,313      0,476    0,377      0,318    0,834     0,330     E
                 0,029    0,008    0,054      0,029    0,038      0,029    0,731     0,033     FV
                 0,299    0,033    0,284      0,299    0,291      0,259    0,847     0,266     I
                 0,010    0,002    0,280      0,010    0,019      0,039    0,762     0,188     O
                 0,266    0,056    0,345      0,266    0,300      0,236    0,743     0,290     SNRTY
                 0,921    0,090    0,850      0,921    0,884      0,818    0,970     0,962     0
                 0,000    0,002    0,000      0,000    0,000      -0,009   0,726     0,060     BMP
                 0,514    0,168    0,045      0,514    0,083      0,112    0,794     0,050     DZ
                 0,257    0,008    0,438      0,257    0,324      0,323    0,846     0,236     U
                 0,016    0,018    0,038      0,016    0,022      -0,003   0,735     0,076     SNRTXY
Weighted Avg.    0,503    0,062    0,509      0,503    0,489      0,439    0,854     0,532     


=== Confusion Matrix ===

    a    b    c    d    e    f    g    h    i    j    k    l   <-- classified as
  747   35  188    9   29   11   73   53    0  317   20   23 |    a = A
   46    8   82    5   22    2   70   88    2  106    1   18 |    b = LGJKC
   99   18  355    1   49    3   44   20    1  143    6    7 |    c = E
   15    1   19    4    3    0   20   14    1   55    0    6 |    d = FV
   19   11  158    3  115    0   29   18    3   23    2    4 |    e = I
  116   14  116   11   15    7   49   66    2  271   29   16 |    f = O
   76    9   60   20   55    0  243  216    4  188    2   41 |    g = SNRTY
    8    2   18   12   27    0   95 2981    2   65    1   25 |    h = 0
   32    4   46    1   41    0   32   30    0   92    8   13 |    i = BMP
   24    0   22    1    8    0    5    5    1   71    0    1 |    j = DZ
   32   10   19    0   11    2   11    3    3   71   56    0 |    k = U
   58    0   52    7   30    0   33   15    2  181    3    6 |    l = SNRTXY

=== Percent Confusion Matrix ===
a	b	c	d	e	f	g	h	i	j	k	l	
49.63	2.33	12.49	0.6	1.93	0.73	4.85	3.52	0.0	21.06	1.33	1.53	 a = A
10.22	1.78	18.22	1.11	4.89	0.44	15.56	19.56	0.44	23.56	0.22	4.0	 b = LGJKC
13.27	2.41	47.59	0.13	6.57	0.4	5.9	2.68	0.13	19.17	0.8	0.94	 c = E
10.87	0.72	13.77	2.9	2.17	0.0	14.49	10.14	0.72	39.86	0.0	4.35	 d = FV
4.94	2.86	41.04	0.78	29.87	0.0	7.53	4.68	0.78	5.97	0.52	1.04	 e = I
16.29	1.97	16.29	1.54	2.11	0.98	6.88	9.27	0.28	38.06	4.07	2.25	 f = O
8.32	0.98	6.56	2.19	6.02	0.0	26.59	23.63	0.44	20.57	0.22	4.49	 g = SNRTY
0.25	0.06	0.56	0.37	0.83	0.0	2.94	92.12	0.06	2.01	0.03	0.77	 h = 0
10.7	1.34	15.38	0.33	13.71	0.0	10.7	10.03	0.0	30.77	2.68	4.35	 i = BMP
17.39	0.0	15.94	0.72	5.8	0.0	3.62	3.62	0.72	51.45	0.0	0.72	 j = DZ
14.68	4.59	8.72	0.0	5.05	0.92	5.05	1.38	1.38	32.57	25.69	0.0	 k = U
14.99	0.0	13.44	1.81	7.75	0.0	8.53	3.88	0.52	46.77	0.78	1.55	 l = SNRTXY
