Timestamp:2014-12-07-11:01:16
Inventario:I2
Intervalo:20ms
Ngramas:1
Clasificador:NaiveBayes
Relation Name:  I2-20ms-1gramas
Num Instances:  9129
Num Attributes: 11

     Name                      Type  Nom  Int Real     Missing      Unique  Dist
   1 0Int(dB)                   Num   0%  11%  89%     0 /  0%    14 /  0%   764 
   2 0Pitch(Hz)                 Num   0%  49%  51%     0 /  0%  1033 / 11%  2440 
   3 0RawPitch                  Num   0%  52%  48%     0 /  0%  1062 / 12%  2369 
   4 0SmPitch                   Num   0%  50%  50%     0 /  0%  1056 / 12%  2419 
   5 0Melogram(st)              Num   0%  45%  55%     0 /  0%   938 / 10%  2342 
   6 0ZCross                    Num   0% 100%   0%     0 /  0%     7 /  0%    34 
   7 0F1(Hz)                    Num   0%  49%  51%     0 /  0%  2180 / 24%  3398 
   8 0F2(Hz)                    Num   0%  49%  51%     0 /  0%  3463 / 38%  4259 
   9 0F3(Hz)                    Num   0%  49%  51%     0 /  0%  3209 / 35%  4087 
  10 0F4(Hz)                    Num   0%  49%  51%     0 /  0%  3134 / 34%  4027 
  11 class                      Nom 100%   0%   0%     0 /  0%     0 /  0%    12 


Naive Bayes Classifier

                    Class
Attribute               A     LGJKC         E        FV         I         O     SNRTY         0       BMP        DZ         U    SNRTXY
                   (0.16)    (0.05)    (0.08)    (0.02)    (0.04)    (0.08)     (0.1)    (0.35)    (0.03)    (0.02)    (0.02)    (0.04)
========================================================================================================================================
0Int(dB)
  mean             -4.7838  -15.4416   -5.6493  -13.9655   -9.5022   -8.6644  -19.5414  -50.8564  -12.4527   -8.6538   -5.9413  -10.0404
  std. dev.          9.917   11.1773    8.2505    8.9902    8.6317   12.1183    9.6185   13.3638   10.4872    7.2422    8.0011    8.0706
  weight sum          1505       450       746       138       385       712       914      3237       299       138       218       387
  precision         0.1008    0.1008    0.1008    0.1008    0.1008    0.1008    0.1008    0.1008    0.1008    0.1008    0.1008    0.1008

0Pitch(Hz)
  mean            215.4717  142.0778  192.4898  152.2312  174.3019  180.2959  104.1051    8.6334  173.7208  190.1568  232.3523  184.1661
  std. dev.       105.3209  107.9314    85.636   105.769   75.0715  103.4062  108.2551    41.208  104.0157   91.3345   82.3117   97.3536
  weight sum          1505       450       746       138       385       712       914      3237       299       138       218       387
  precision         0.2034    0.2034    0.2034    0.2034    0.2034    0.2034    0.2034    0.2034    0.2034    0.2034    0.2034    0.2034

0RawPitch
  mean            205.1279  123.5759  188.8553  123.0765  166.4766  174.0908   86.1062    6.9028  156.9007  185.4439  222.5693  172.6016
  std. dev.       110.0217  108.7094   89.4789  101.8456   78.7839  108.0935  104.5404   35.4936  112.4322   97.5665   89.8429  105.8742
  weight sum          1505       450       746       138       385       712       914      3237       299       138       218       387
  precision         0.2088    0.2088    0.2088    0.2088    0.2088    0.2088    0.2088    0.2088    0.2088    0.2088    0.2088    0.2088

0SmPitch
  mean            213.4208  133.1159  191.6241  141.6009  171.8543   178.962   97.7719    7.4117  169.8194  189.6336  232.3227  181.8342
  std. dev.       106.8674  111.4709   86.4181  100.3995   76.5988  104.3249  107.7057   36.4626  107.6346   92.3532   82.2366   99.7005
  weight sum          1505       450       746       138       385       712       914      3237       299       138       218       387
  precision         0.2051    0.2051    0.2051    0.2051    0.2051    0.2051    0.2051    0.2051    0.2051    0.2051    0.2051    0.2051

0Melogram(st)
  mean             52.0827   36.7952   51.3162   42.7509   49.4307   47.7311   28.1101    2.7455   45.7719   50.8347   54.9086   47.9275
  std. dev.        15.5643   25.8402   13.9659   21.9334   14.5646   19.2227    27.377   12.0014   21.2519   14.5044   12.8002   19.2949
  weight sum          1505       450       746       138       385       712       914      3237       299       138       218       387
  precision         0.0352    0.0352    0.0352    0.0352    0.0352    0.0352    0.0352    0.0352    0.0352    0.0352    0.0352    0.0352

0ZCross
  mean              6.7146    2.7972    4.8248    2.0843    3.1868    3.9665    2.6986    0.0853    2.2092    3.4862     3.573    2.9993
  std. dev.          4.535    3.0186    3.1533    2.0439    2.9527    3.0096    4.7727    0.6289     2.095    2.2377    2.8222    4.3035
  weight sum          1505       450       746       138       385       712       914      3237       299       138       218       387
  precision         1.2727    1.2727    1.2727    1.2727    1.2727    1.2727    1.2727    1.2727    1.2727    1.2727    1.2727    1.2727

0F1(Hz)
  mean            680.6071  362.7342  468.1216  433.0067  362.9833  487.9887  305.0821    33.621  402.1692  495.2687  498.1345  456.4619
  std. dev.       260.5161  271.2321  135.4424  254.6457  139.6622  219.6408  293.2229   134.961  226.7452  176.0915  299.1257  189.4997
  weight sum          1505       450       746       138       385       712       914      3237       299       138       218       387
  precision         0.5127    0.5127    0.5127    0.5127    0.5127    0.5127    0.5127    0.5127    0.5127    0.5127    0.5127    0.5127

0F2(Hz)
  mean           1463.4676 1203.8626 1802.3085 1302.5905 1971.4305 1165.7924  937.3286  104.5544 1402.7174 1423.4659 1080.7158 1529.0513
  std. dev.       432.0523  847.9838  487.8366  701.6256  644.7659  525.3227  863.0234  415.7714  694.7863   407.382  431.8771  567.7466
  weight sum          1505       450       746       138       385       712       914      3237       299       138       218       387
  precision         0.6985    0.6985    0.6985    0.6985    0.6985    0.6985    0.6985    0.6985    0.6985    0.6985    0.6985    0.6985

0F3(Hz)
  mean           2691.8093 2000.3705 2662.4498 2220.2677 2672.9489 2534.4259 1601.4051  178.3613 2362.4099 2756.8647 2714.6841 2627.1885
  std. dev.       762.9907 1383.7036   729.876 1179.8092  890.7818  989.9708 1456.9288  693.8699 1105.7815   698.638  768.9985  897.2101
  weight sum          1505       450       746       138       385       712       914      3237       299       138       218       387
  precision         1.0065    1.0065    1.0065    1.0065    1.0065    1.0065    1.0065    1.0065    1.0065    1.0065    1.0065    1.0065

0F4(Hz)
  mean            3114.979 2277.7553 3199.5596 2671.4019 3176.0491 2913.9175 1852.0608  219.7749 2816.8308 3224.9891  3074.217 3010.2722
  std. dev.       871.0219 1563.2483  841.1377 1380.3083 1017.7226 1121.3472 1674.0085  852.8379 1281.9538  787.9869  772.1011   1028.98
  weight sum          1505       450       746       138       385       712       914      3237       299       138       218       387
  precision         1.0301    1.0301    1.0301    1.0301    1.0301    1.0301    1.0301    1.0301    1.0301    1.0301    1.0301    1.0301





=== Stratified cross-validation ===

Correctly Classified Instances        4934               54.0475 %
Incorrectly Classified Instances      4195               45.9525 %
Kappa statistic                          0.4223
K&B Relative Info Score             363175.1638 %
K&B Information Score                10709.7956 bits      1.1732 bits/instance
Class complexity | order 0           26902.5371 bits      2.9469 bits/instance
Class complexity | scheme            65015.9998 bits      7.1219 bits/instance
Complexity improvement     (Sf)     -38113.4627 bits     -4.175  bits/instance
Mean absolute error                      0.0836
Root mean squared error                  0.233 
Relative absolute error                 61.4466 %
Root relative squared error             89.346  %
Coverage of cases (0.95 level)          76.1858 %
Mean rel. region size (0.95 level)      29.6537 %
Total Number of Instances             9129     


=== Detailed Accuracy By Class ===

                 TP Rate  FP Rate  Precision  Recall   F-Measure  MCC      ROC Area  PRC Area  Class
                 0,625    0,093    0,571      0,625    0,597      0,513    0,874     0,596     A
                 0,002    0,002    0,045      0,002    0,004      -0,001   0,691     0,086     LGJKC
                 0,735    0,229    0,222      0,735    0,341      0,312    0,858     0,381     E
                 0,000    0,000    0,000      0,000    0,000      0,000    0,736     0,032     FV
                 0,270    0,036    0,248      0,270    0,259      0,225    0,857     0,295     I
                 0,060    0,007    0,413      0,060    0,105      0,134    0,770     0,215     O
                 0,220    0,045    0,351      0,220    0,271      0,216    0,734     0,286     SNRTY
                 0,935    0,110    0,823      0,935    0,875      0,804    0,973     0,966     0
                 0,010    0,003    0,103      0,010    0,018      0,022    0,730     0,063     BMP
                 0,007    0,001    0,091      0,007    0,013      0,022    0,781     0,042     DZ
                 0,307    0,008    0,475      0,307    0,373      0,370    0,861     0,328     U
                 0,000    0,004    0,000      0,000    0,000      -0,013   0,731     0,075     SNRTXY
Weighted Avg.    0,540    0,080    0,500      0,540    0,493      0,446    0,861     0,548     


=== Confusion Matrix ===

    a    b    c    d    e    f    g    h    i    j    k    l   <-- classified as
  941    6  386    0   26    8   55   64    4    3    3    9 |    a = A
   55    1  187    0   25    4   71   98    2    0    4    3 |    b = LGJKC
  104    3  548    0   32    0   29   25    2    0    2    1 |    c = E
   19    0   66    0    9    6   13   22    1    1    0    1 |    d = FV
   23    2  211    0  104    0   26   17    2    0    0    0 |    e = I
  160    3  341    0   14   43   34   72    1    2   39    3 |    f = O
  118    5  192    0   73   11  201  282    8    3    6   15 |    g = SNRTY
   40    2   49    0   32   11   68 3025    5    0    1    4 |    h = 0
   40    0  131    0   44    8   19   41    3    0   12    1 |    i = BMP
   30    0   80    0   14    1    5    6    0    1    1    0 |    j = DZ
   44    0   76    0   10    5   13    3    0    0   67    0 |    k = U
   75    0  202    0   36    7   38   21    1    1    6    0 |    l = SNRTXY

=== Percent Confusion Matrix ===
a	b	c	d	e	f	g	h	i	j	k	l	
62.52	0.4	25.65	0.0	1.73	0.53	3.65	4.25	0.27	0.2	0.2	0.6	 a = A
12.22	0.22	41.56	0.0	5.56	0.89	15.78	21.78	0.44	0.0	0.89	0.67	 b = LGJKC
13.94	0.4	73.46	0.0	4.29	0.0	3.89	3.35	0.27	0.0	0.27	0.13	 c = E
13.77	0.0	47.83	0.0	6.52	4.35	9.42	15.94	0.72	0.72	0.0	0.72	 d = FV
5.97	0.52	54.81	0.0	27.01	0.0	6.75	4.42	0.52	0.0	0.0	0.0	 e = I
22.47	0.42	47.89	0.0	1.97	6.04	4.78	10.11	0.14	0.28	5.48	0.42	 f = O
12.91	0.55	21.01	0.0	7.99	1.2	21.99	30.85	0.88	0.33	0.66	1.64	 g = SNRTY
1.24	0.06	1.51	0.0	0.99	0.34	2.1	93.45	0.15	0.0	0.03	0.12	 h = 0
13.38	0.0	43.81	0.0	14.72	2.68	6.35	13.71	1.0	0.0	4.01	0.33	 i = BMP
21.74	0.0	57.97	0.0	10.14	0.72	3.62	4.35	0.0	0.72	0.72	0.0	 j = DZ
20.18	0.0	34.86	0.0	4.59	2.29	5.96	1.38	0.0	0.0	30.73	0.0	 k = U
19.38	0.0	52.2	0.0	9.3	1.81	9.82	5.43	0.26	0.26	1.55	0.0	 l = SNRTXY
