Timestamp:2014-12-07-10:56:38
Inventario:I2
Intervalo:2ms
Ngramas:2
Clasificador:NaiveBayes
Relation Name:  I2-2ms-2gramas
Num Instances:  91702
Num Attributes: 21

     Name                      Type  Nom  Int Real     Missing      Unique  Dist
   1 0Int(dB)                   Num   0%   9%  91%     0 /  0%     5 /  0%   780 
   2 0Pitch(Hz)                 Num   0%  52%  48%     0 /  0%   471 /  1%  4016 
   3 0RawPitch                  Num   0%  55%  45%     0 /  0%   550 /  1%  4014 
   4 0SmPitch                   Num   0%  53%  47%     0 /  0%   491 /  1%  3998 
   5 0Melogram(st)              Num   0%  49%  51%     0 /  0%   212 /  0%  3363 
   6 0ZCross                    Num   0% 100%   0%     0 /  0%     6 /  0%    54 
   7 0F1(Hz)                    Num   0%  52%  48%     0 /  0%  1126 /  1%  4776 
   8 0F2(Hz)                    Num   0%  52%  48%     0 /  0%  2304 /  3%  6727 
   9 0F3(Hz)                    Num   0%  52%  48%     0 /  0%  1967 /  2%  6224 
  10 0F4(Hz)                    Num   0%  52%  48%     0 /  0%  1884 /  2%  6074 
  11 1Int(dB)                   Num   0%   9%  91%     0 /  0%     6 /  0%   781 
  12 1Pitch(Hz)                 Num   0%  52%  48%     0 /  0%   471 /  1%  4016 
  13 1RawPitch                  Num   0%  55%  45%     0 /  0%   550 /  1%  4014 
  14 1SmPitch                   Num   0%  53%  47%     0 /  0%   491 /  1%  3998 
  15 1Melogram(st)              Num   0%  49%  51%     0 /  0%   212 /  0%  3363 
  16 1ZCross                    Num   0% 100%   0%     0 /  0%     6 /  0%    54 
  17 1F1(Hz)                    Num   0%  52%  48%     0 /  0%  1126 /  1%  4776 
  18 1F2(Hz)                    Num   0%  52%  48%     0 /  0%  2304 /  3%  6727 
  19 1F3(Hz)                    Num   0%  52%  48%     0 /  0%  1967 /  2%  6224 
  20 1F4(Hz)                    Num   0%  52%  48%     0 /  0%  1884 /  2%  6074 
  21 class                      Nom 100%   0%   0%     0 /  0%     0 /  0%    12 


Naive Bayes Classifier

                    Class
Attribute               A     LGJKC         E        FV         I         O     SNRTY         0       BMP        DZ         U    SNRTXY
                   (0.16)    (0.05)    (0.08)    (0.01)    (0.04)    (0.07)    (0.09)    (0.39)    (0.03)    (0.01)    (0.02)    (0.04)
========================================================================================================================================
0Int(dB)
  mean             -4.2367  -15.3568   -5.1801  -15.0289   -8.7172    -8.146  -19.8155  -48.2526  -12.4737   -8.2684   -5.2139  -10.5395
  std. dev.         9.6141    11.078     8.069    8.8787    8.3524   12.1698    9.4065   16.2021   10.7103    6.7651    7.7793    8.3476
  weight sum         14333      4428      6910      1286      3561      6646      8663     35832      2915      1346      2080      3702
  precision         0.1039    0.1039    0.1039    0.1039    0.1039    0.1039    0.1039    0.1039    0.1039    0.1039    0.1039    0.1039

0Pitch(Hz)
  mean            215.3054  130.3957  190.0868  131.0502  173.0539  178.5997    81.633   16.6922  159.5378  197.3134  229.3808  175.6318
  std. dev.       108.4186  111.6066   87.9634  107.2576   76.5412   105.265  105.3344   56.2797  111.1102   89.1466    84.526   103.219
  weight sum         14333      4428      6910      1286      3561      6646      8663     35832      2915      1346      2080      3702
  precision         0.1242    0.1242    0.1242    0.1242    0.1242    0.1242    0.1242    0.1242    0.1242    0.1242    0.1242    0.1242

0RawPitch
  mean            204.9204  107.8573  185.5725  106.2993  165.7052  172.7286   62.8262   13.6783   147.555  191.1584  220.4839  161.7517
  std. dev.        114.845  109.9635   95.2181  103.3674   83.3185  112.6688   98.9135   50.8125  116.3293   98.1058   93.0053  112.8954
  weight sum         14333      4428      6910      1286      3561      6646      8663     35832      2915      1346      2080      3702
  precision         0.1243    0.1243    0.1243    0.1243    0.1243    0.1243    0.1243    0.1243    0.1243    0.1243    0.1243    0.1243

0SmPitch
  mean            213.3064  120.8501  188.5362  120.8089  170.6841  176.5062   74.7538   15.0746  154.9178  196.7689  228.8712  172.8312
  std. dev.       109.9963  112.7685   89.2414  104.3726   79.0929  107.4391  103.1617    52.489  113.8128   90.1148   84.8121   105.082
  weight sum         14333      4428      6910      1286      3561      6646      8663     35832      2915      1346      2080      3702
  precision         0.1248    0.1248    0.1248    0.1248    0.1248    0.1248    0.1248    0.1248    0.1248    0.1248    0.1248    0.1248

0Melogram(st)
  mean             51.3027   32.6817   50.4037   37.0227   48.4912   46.5516    21.964    4.9293    41.476   51.7167   54.0704   45.8817
  std. dev.        16.9973    26.931   15.4597   25.0004   16.2162    20.484    26.856    15.628   24.3018   13.8885   14.2652    21.173
  weight sum         14333      4428      6910      1286      3561      6646      8663     35832      2915      1346      2080      3702
  precision         0.0246    0.0246    0.0246    0.0246    0.0246    0.0246    0.0246    0.0246    0.0246    0.0246    0.0246    0.0246

0ZCross
  mean              7.1259    3.1149    5.2659    2.0682    3.7314    4.4315    2.8907    0.2535     2.518    4.0278    4.0992    3.2508
  std. dev.         4.5903    3.7729    3.2124    2.2445    3.2172    3.0586    5.3852    1.1335    2.2548    2.3586    2.9273    5.0581
  weight sum         14333      4428      6910      1286      3561      6646      8663     35832      2915      1346      2080      3702
  precision         1.0755    1.0755    1.0755    1.0755    1.0755    1.0755    1.0755    1.0755    1.0755    1.0755    1.0755    1.0755

0F1(Hz)
  mean            680.5164  327.9873   463.877  383.2741  361.6146  484.2054  245.0498   53.8361  371.8273  504.9305  498.0573  429.6581
  std. dev.       271.5055  274.1854   146.053  277.9272  144.1442  226.2125  289.3656  166.7222   237.112  171.3464   307.944  203.5119
  weight sum         14333      4428      6910      1286      3561      6646      8663     35832      2915      1346      2080      3702
  precision         0.3648    0.3648    0.3648    0.3648    0.3648    0.3648    0.3648    0.3648    0.3648    0.3648    0.3648    0.3648

0F2(Hz)
  mean           1442.0523 1108.1493  1785.616 1168.3225 1974.0792 1140.4987  750.1326  168.5623 1308.1584 1447.6544  1053.554 1457.7227
  std. dev.       456.0769  876.3799  528.1297  778.4294  669.1502  535.6978  855.0401  516.6376   749.768  391.6426  426.6176  624.9813
  weight sum         14333      4428      6910      1286      3561      6646      8663     35832      2915      1346      2080      3702
  precision         0.4429    0.4429    0.4429    0.4429    0.4429    0.4429    0.4429    0.4429    0.4429    0.4429    0.4429    0.4429

0F3(Hz)
  mean           2653.6177 1843.3859 2619.8245 1990.5358 2655.6632  2499.568 1287.0206  287.4189 2202.5227 2798.5752  2673.852 2515.5789
  std. dev.       815.2889 1437.1292  786.5019 1314.6764  922.4738 1024.8703 1456.2998  866.0117 1206.5921   666.643  787.5699 1012.9065
  weight sum         14333      4428      6910      1286      3561      6646      8663     35832      2915      1346      2080      3702
  precision          0.662     0.662     0.662     0.662     0.662     0.662     0.662     0.662     0.662     0.662     0.662     0.662

0F4(Hz)
  mean           3078.5421  2101.281 3157.1809 2382.1202 3159.0187 2876.1426 1475.8212  345.4862 2644.3886 3240.4226  3063.919 2888.5546
  std. dev.       932.0325 1624.8999  913.7543 1537.9929 1054.7924 1161.7476 1659.1561  1038.639 1416.7903  748.1848  806.6532 1164.8692
  weight sum         14333      4428      6910      1286      3561      6646      8663     35832      2915      1346      2080      3702
  precision         0.6829    0.6829    0.6829    0.6829    0.6829    0.6829    0.6829    0.6829    0.6829    0.6829    0.6829    0.6829

1Int(dB)
  mean             -4.2733  -15.0488    -5.199  -15.0003    -8.676   -8.1936  -19.7065  -48.3069  -12.2641   -8.1726   -5.0927  -10.6476
  std. dev.         9.6287   10.8635    8.0531    8.8607    8.3577   12.2208    9.4263   16.1114   10.5968    6.8019    7.5769    8.3765
  weight sum         14333      4428      6910      1286      3561      6646      8663     35832      2915      1346      2080      3702
  precision         0.1037    0.1037    0.1037    0.1037    0.1037    0.1037    0.1037    0.1037    0.1037    0.1037    0.1037    0.1037

1Pitch(Hz)
  mean            215.1446  132.6941  190.3791  130.8258  173.4856  178.0537   82.0048   16.3383  160.3717  197.2842  229.8416  175.2531
  std. dev.       108.5552   111.541   87.7367  107.1381   76.0683  105.2226  105.6854   55.7277  110.4325   89.2015   83.5753  103.4275
  weight sum         14333      4428      6910      1286      3561      6646      8663     35832      2915      1346      2080      3702
  precision         0.1242    0.1242    0.1242    0.1242    0.1242    0.1242    0.1242    0.1242    0.1242    0.1242    0.1242    0.1242

1RawPitch
  mean            204.7828  109.8718   185.837  105.9763  166.2787  172.2852   63.1905   13.3728  148.5095  191.0311  220.9278  160.8881
  std. dev.       114.9802    110.33   95.0002  102.9581   83.0617  112.5036   99.2114   50.3485  115.8451   97.9614   92.1417  113.1803
  weight sum         14333      4428      6910      1286      3561      6646      8663     35832      2915      1346      2080      3702
  precision         0.1243    0.1243    0.1243    0.1243    0.1243    0.1243    0.1243    0.1243    0.1243    0.1243    0.1243    0.1243

1SmPitch
  mean            213.2239  122.9872  188.9642  120.6473  171.0525  175.9682   75.1339   14.7407  155.6124  196.8148  229.2536   172.027
  std. dev.       110.0447  112.9121   88.9263  104.2291   78.7886  107.3853  103.5009   51.9295  113.2741   90.0345   84.0032  105.5167
  weight sum         14333      4428      6910      1286      3561      6646      8663     35832      2915      1346      2080      3702
  precision         0.1248    0.1248    0.1248    0.1248    0.1248    0.1248    0.1248    0.1248    0.1248    0.1248    0.1248    0.1248

1Melogram(st)
  mean             51.2983   33.1517   50.4842   37.0069   48.6341   46.4749   22.0146    4.8254   41.6893   51.7752   54.3072   45.7574
  std. dev.        16.9875   26.8769   15.3213   25.0249   15.9951   20.5262   26.8897   15.4831   24.1614   13.7541   13.7628   21.2886
  weight sum         14333      4428      6910      1286      3561      6646      8663     35832      2915      1346      2080      3702
  precision         0.0246    0.0246    0.0246    0.0246    0.0246    0.0246    0.0246    0.0246    0.0246    0.0246    0.0246    0.0246

1ZCross
  mean               7.111    3.1506    5.2438    2.0698    3.7483    4.4237    2.9147    0.2484    2.5583    4.0886    4.1111    3.2363
  std. dev.         4.6004    3.7529    3.2168    2.2498    3.2275    3.0692     5.384    1.1311    2.2519    2.3648    2.9164     5.066
  weight sum         14333      4428      6910      1286      3561      6646      8663     35832      2915      1346      2080      3702
  precision         1.0755    1.0755    1.0755    1.0755    1.0755    1.0755    1.0755    1.0755    1.0755    1.0755    1.0755    1.0755

1F1(Hz)
  mean            683.4195   329.635  466.4894  378.5922    363.75  486.2046  241.1127   52.7328   372.086  505.7205  500.6341   425.508
  std. dev.        269.455  273.3007  142.2388  277.5826  140.8431  225.0865  287.7183  165.0999  236.0116  171.4004  305.2064  203.4459
  weight sum         14333      4428      6910      1286      3561      6646      8663     35832      2915      1346      2080      3702
  precision         0.3648    0.3648    0.3648    0.3648    0.3648    0.3648    0.3648    0.3648    0.3648    0.3648    0.3648    0.3648

1F2(Hz)
  mean           1444.7727 1112.3184 1798.4442 1163.3139  1993.047 1140.7371  740.6528  165.1158 1309.1173 1447.7215 1061.2779 1451.7489
  std. dev.       450.4532  872.7631  511.8666   782.141  650.7685  531.1147   853.618  511.8646    746.06  393.3743  416.4942  628.6578
  weight sum         14333      4428      6910      1286      3561      6646      8663     35832      2915      1346      2080      3702
  precision         0.4429    0.4429    0.4429    0.4429    0.4429    0.4429    0.4429    0.4429    0.4429    0.4429    0.4429    0.4429

1F3(Hz)
  mean           2659.8447 1854.8343 2634.9785 1978.2255 2677.3565 2506.4348 1269.4081  281.5246 2204.7048 2797.9736 2694.0925 2505.9666
  std. dev.       806.7783 1434.0175  764.1593 1318.9077  898.3116 1018.6433 1453.0535  858.0542 1201.2074  671.2133  755.1652 1020.9464
  weight sum         14333      4428      6910      1286      3561      6646      8663     35832      2915      1346      2080      3702
  precision          0.662     0.662     0.662     0.662     0.662     0.662     0.662     0.662     0.662     0.662     0.662     0.662

1F4(Hz)
  mean           3084.7647 2115.9384   3174.33 2370.2376 3182.3609 2882.7851 1457.3159  338.5171 2650.5175 3238.3887 3086.3027 2878.7668
  std. dev.       921.7526 1622.1375  885.5429 1544.5093 1024.5862 1153.5603 1657.6969  1029.399 1411.8243  753.1084   763.546 1175.2848
  weight sum         14333      4428      6910      1286      3561      6646      8663     35832      2915      1346      2080      3702
  precision         0.6829    0.6829    0.6829    0.6829    0.6829    0.6829    0.6829    0.6829    0.6829    0.6829    0.6829    0.6829





=== Stratified cross-validation ===

Correctly Classified Instances       48284               52.6532 %
Incorrectly Classified Instances     43418               47.3468 %
Kappa statistic                          0.4001
K&B Relative Info Score            3518513.1659 %
K&B Information Score               100746.8769 bits      1.0986 bits/instance
Class complexity | order 0          262555.2873 bits      2.8631 bits/instance
Class complexity | scheme          1092933.8044 bits     11.9183 bits/instance
Complexity improvement     (Sf)    -830378.5172 bits     -9.0552 bits/instance
Mean absolute error                      0.0816
Root mean squared error                  0.2451
Relative absolute error                 61.5089 %
Root relative squared error             95.1862 %
Coverage of cases (0.95 level)          65.449  %
Mean rel. region size (0.95 level)      18.5996 %
Total Number of Instances            91702     


=== Detailed Accuracy By Class ===

                 TP Rate  FP Rate  Precision  Recall   F-Measure  MCC      ROC Area  PRC Area  Class
                 0,493    0,046    0,663      0,493    0,565      0,506    0,885     0,615     A
                 0,024    0,008    0,134      0,024    0,041      0,037    0,690     0,085     LGJKC
                 0,660    0,121    0,308      0,660    0,420      0,387    0,868     0,411     E
                 0,040    0,016    0,033      0,040    0,036      0,021    0,729     0,029     FV
                 0,354    0,043    0,251      0,354    0,294      0,264    0,862     0,273     I
                 0,015    0,005    0,194      0,015    0,027      0,035    0,779     0,186     O
                 0,184    0,028    0,406      0,184    0,254      0,226    0,799     0,304     SNRTY
                 0,895    0,142    0,802      0,895    0,846      0,741    0,951     0,949     0
                 0,009    0,004    0,068      0,009    0,015      0,013    0,723     0,057     BMP
                 0,383    0,113    0,048      0,383    0,085      0,101    0,813     0,045     DZ
                 0,426    0,019    0,338      0,426    0,377      0,364    0,873     0,360     U
                 0,018    0,008    0,088      0,018    0,030      0,022    0,739     0,076     SNRTXY
Weighted Avg.    0,527    0,080    0,523      0,527    0,502      0,445    0,869     0,569     


=== Confusion Matrix ===

     a     b     c     d     e     f     g     h     i     j     k     l   <-- classified as
  7063   126  2446   230   310   108   270   762    32  2591   335    60 |     a = A
   282   106   974   104   432    57   459  1175    46   608    87    98 |     b = LGJKC
   699    93  4562    86   445    10   155   270    49   439    68    34 |     c = E
   100    13   217    51   165     5    89   318     7   292     2    27 |     d = FV
   176    70  1583    64  1261     1   125   187    24    56     3    11 |     e = I
   810    72  1853   171    78    97   178   724    22  1767   780    94 |     f = O
   377   161   573   301   544    84  1598  3559    80  1146    68   172 |     g = SNRTY
   187    76   713   288   612    92   530 32053    47  1017    92   125 |     h = 0
   205    31   613    66   479    19   163   531    25   587   170    26 |     i = BMP
   182     0   394    18   100     3    18    51     7   515    26    32 |     j = DZ
   240    39   274    38    93     9    46    33    16   404   887     1 |     k = U
   337     6   599   114   510    15   301   309    11  1330   104    66 |     l = SNRTXY

=== Percent Confusion Matrix ===
a	b	c	d	e	f	g	h	i	j	k	l	
49.28	0.88	17.07	1.6	2.16	0.75	1.88	5.32	0.22	18.08	2.34	0.42	 a = A
6.37	2.39	22.0	2.35	9.76	1.29	10.37	26.54	1.04	13.73	1.96	2.21	 b = LGJKC
10.12	1.35	66.02	1.24	6.44	0.14	2.24	3.91	0.71	6.35	0.98	0.49	 c = E
7.78	1.01	16.87	3.97	12.83	0.39	6.92	24.73	0.54	22.71	0.16	2.1	 d = FV
4.94	1.97	44.45	1.8	35.41	0.03	3.51	5.25	0.67	1.57	0.08	0.31	 e = I
12.19	1.08	27.88	2.57	1.17	1.46	2.68	10.89	0.33	26.59	11.74	1.41	 f = O
4.35	1.86	6.61	3.47	6.28	0.97	18.45	41.08	0.92	13.23	0.78	1.99	 g = SNRTY
0.52	0.21	1.99	0.8	1.71	0.26	1.48	89.45	0.13	2.84	0.26	0.35	 h = 0
7.03	1.06	21.03	2.26	16.43	0.65	5.59	18.22	0.86	20.14	5.83	0.89	 i = BMP
13.52	0.0	29.27	1.34	7.43	0.22	1.34	3.79	0.52	38.26	1.93	2.38	 j = DZ
11.54	1.88	13.17	1.83	4.47	0.43	2.21	1.59	0.77	19.42	42.64	0.05	 k = U
9.1	0.16	16.18	3.08	13.78	0.41	8.13	8.35	0.3	35.93	2.81	1.78	 l = SNRTXY
