Timestamp:2014-12-07-10:56:27
Inventario:I2
Intervalo:2ms
Ngramas:1
Clasificador:NaiveBayes
Relation Name:  I2-2ms-1gramas
Num Instances:  91703
Num Attributes: 11

     Name                      Type  Nom  Int Real     Missing      Unique  Dist
   1 0Int(dB)                   Num   0%   9%  91%     0 /  0%     6 /  0%   781 
   2 0Pitch(Hz)                 Num   0%  52%  48%     0 /  0%   471 /  1%  4016 
   3 0RawPitch                  Num   0%  55%  45%     0 /  0%   550 /  1%  4014 
   4 0SmPitch                   Num   0%  53%  47%     0 /  0%   491 /  1%  3998 
   5 0Melogram(st)              Num   0%  49%  51%     0 /  0%   212 /  0%  3363 
   6 0ZCross                    Num   0% 100%   0%     0 /  0%     6 /  0%    54 
   7 0F1(Hz)                    Num   0%  52%  48%     0 /  0%  1126 /  1%  4776 
   8 0F2(Hz)                    Num   0%  52%  48%     0 /  0%  2304 /  3%  6727 
   9 0F3(Hz)                    Num   0%  52%  48%     0 /  0%  1967 /  2%  6224 
  10 0F4(Hz)                    Num   0%  52%  48%     0 /  0%  1884 /  2%  6074 
  11 class                      Nom 100%   0%   0%     0 /  0%     0 /  0%    12 


Naive Bayes Classifier

                    Class
Attribute               A     LGJKC         E        FV         I         O     SNRTY         0       BMP        DZ         U    SNRTXY
                   (0.16)    (0.05)    (0.08)    (0.01)    (0.04)    (0.07)    (0.09)    (0.39)    (0.03)    (0.01)    (0.02)    (0.04)
========================================================================================================================================
0Int(dB)
  mean             -4.2733  -15.0488    -5.199  -15.0003    -8.676   -8.1936  -19.7065  -48.3069  -12.2641   -8.1726   -5.0927  -10.6476
  std. dev.         9.6287   10.8635    8.0531    8.8607    8.3577   12.2208    9.4263   16.1112   10.5968    6.8019    7.5769    8.3765
  weight sum         14333      4428      6910      1286      3561      6646      8663     35833      2915      1346      2080      3702
  precision         0.1037    0.1037    0.1037    0.1037    0.1037    0.1037    0.1037    0.1037    0.1037    0.1037    0.1037    0.1037

0Pitch(Hz)
  mean            215.1446  132.6941  190.3791  130.8258  173.4856  178.0537   82.0048   16.3378  160.3717  197.2842  229.8416  175.2531
  std. dev.       108.5552   111.541   87.7367  107.1381   76.0683  105.2226  105.6854    55.727  110.4325   89.2015   83.5753  103.4275
  weight sum         14333      4428      6910      1286      3561      6646      8663     35833      2915      1346      2080      3702
  precision         0.1242    0.1242    0.1242    0.1242    0.1242    0.1242    0.1242    0.1242    0.1242    0.1242    0.1242    0.1242

0RawPitch
  mean            204.7828  109.8718   185.837  105.9763  166.2787  172.2852   63.1905   13.3724  148.5095  191.0311  220.9278  160.8881
  std. dev.       114.9802    110.33   95.0002  102.9581   83.0617  112.5036   99.2114   50.3479  115.8451   97.9614   92.1417  113.1803
  weight sum         14333      4428      6910      1286      3561      6646      8663     35833      2915      1346      2080      3702
  precision         0.1243    0.1243    0.1243    0.1243    0.1243    0.1243    0.1243    0.1243    0.1243    0.1243    0.1243    0.1243

0SmPitch
  mean            213.2239  122.9872  188.9642  120.6473  171.0525  175.9682   75.1339   14.7403  155.6124  196.8148  229.2536   172.027
  std. dev.       110.0447  112.9121   88.9263  104.2291   78.7886  107.3853  103.5009   51.9288  113.2741   90.0345   84.0032  105.5167
  weight sum         14333      4428      6910      1286      3561      6646      8663     35833      2915      1346      2080      3702
  precision         0.1248    0.1248    0.1248    0.1248    0.1248    0.1248    0.1248    0.1248    0.1248    0.1248    0.1248    0.1248

0Melogram(st)
  mean             51.2983   33.1517   50.4842   37.0069   48.6341   46.4749   22.0146    4.8253   41.6893   51.7752   54.3072   45.7574
  std. dev.        16.9875   26.8769   15.3213   25.0249   15.9951   20.5262   26.8897   15.4829   24.1614   13.7541   13.7628   21.2886
  weight sum         14333      4428      6910      1286      3561      6646      8663     35833      2915      1346      2080      3702
  precision         0.0246    0.0246    0.0246    0.0246    0.0246    0.0246    0.0246    0.0246    0.0246    0.0246    0.0246    0.0246

0ZCross
  mean               7.111    3.1506    5.2438    2.0698    3.7483    4.4237    2.9147    0.2484    2.5583    4.0886    4.1111    3.2363
  std. dev.         4.6004    3.7529    3.2168    2.2498    3.2275    3.0692     5.384    1.1311    2.2519    2.3648    2.9164     5.066
  weight sum         14333      4428      6910      1286      3561      6646      8663     35833      2915      1346      2080      3702
  precision         1.0755    1.0755    1.0755    1.0755    1.0755    1.0755    1.0755    1.0755    1.0755    1.0755    1.0755    1.0755

0F1(Hz)
  mean            683.4195   329.635  466.4894  378.5922    363.75  486.2046  241.1127   52.7313   372.086  505.7205  500.6341   425.508
  std. dev.        269.455  273.3007  142.2388  277.5826  140.8431  225.0865  287.7183  165.0978  236.0116  171.4004  305.2064  203.4459
  weight sum         14333      4428      6910      1286      3561      6646      8663     35833      2915      1346      2080      3702
  precision         0.3648    0.3648    0.3648    0.3648    0.3648    0.3648    0.3648    0.3648    0.3648    0.3648    0.3648    0.3648

0F2(Hz)
  mean           1444.7727 1112.3184 1798.4442 1163.3139  1993.047 1140.7371  740.6528  165.1112 1309.1173 1447.7215 1061.2779 1451.7489
  std. dev.       450.4532  872.7631  511.8666   782.141  650.7685  531.1147   853.618  511.8582    746.06  393.3743  416.4942  628.6578
  weight sum         14333      4428      6910      1286      3561      6646      8663     35833      2915      1346      2080      3702
  precision         0.4429    0.4429    0.4429    0.4429    0.4429    0.4429    0.4429    0.4429    0.4429    0.4429    0.4429    0.4429

0F3(Hz)
  mean           2659.8447 1854.8343 2634.9785 1978.2255 2677.3565 2506.4348 1269.4081  281.5167 2204.7048 2797.9736 2694.0925 2505.9666
  std. dev.       806.7783 1434.0175  764.1593 1318.9077  898.3116 1018.6433 1453.0535  858.0435 1201.2074  671.2133  755.1652 1020.9464
  weight sum         14333      4428      6910      1286      3561      6646      8663     35833      2915      1346      2080      3702
  precision          0.662     0.662     0.662     0.662     0.662     0.662     0.662     0.662     0.662     0.662     0.662     0.662

0F4(Hz)
  mean           3084.7647 2115.9384   3174.33 2370.2376 3182.3609 2882.7851 1457.3159  338.5076 2650.5175 3238.3887 3086.3027 2878.7668
  std. dev.       921.7526 1622.1375  885.5429 1544.5093 1024.5862 1153.5603 1657.6969 1029.3862 1411.8243  753.1084   763.546 1175.2848
  weight sum         14333      4428      6910      1286      3561      6646      8663     35833      2915      1346      2080      3702
  precision         0.6829    0.6829    0.6829    0.6829    0.6829    0.6829    0.6829    0.6829    0.6829    0.6829    0.6829    0.6829





=== Stratified cross-validation ===

Correctly Classified Instances       50077               54.6078 %
Incorrectly Classified Instances     41626               45.3922 %
Kappa statistic                          0.4147
K&B Relative Info Score            3595630.8977 %
K&B Information Score               102955.2813 bits      1.1227 bits/instance
Class complexity | order 0          262556.643  bits      2.8631 bits/instance
Class complexity | scheme           596448.7074 bits      6.5041 bits/instance
Complexity improvement     (Sf)    -333892.0644 bits     -3.641  bits/instance
Mean absolute error                      0.0828
Root mean squared error                  0.233 
Relative absolute error                 62.4026 %
Root relative squared error             90.4993 %
Coverage of cases (0.95 level)          73.3477 %
Mean rel. region size (0.95 level)      27.1935 %
Total Number of Instances            91703     


=== Detailed Accuracy By Class ===

                 TP Rate  FP Rate  Precision  Recall   F-Measure  MCC      ROC Area  PRC Area  Class
                 0,631    0,078    0,600      0,631    0,615      0,542    0,884     0,611     A
                 0,028    0,009    0,136      0,028    0,046      0,041    0,691     0,085     LGJKC
                 0,725    0,211    0,219      0,725    0,336      0,313    0,868     0,395     E
                 0,000    0,001    0,000      0,000    0,000      -0,003   0,726     0,029     FV
                 0,258    0,031    0,251      0,258    0,254      0,224    0,870     0,312     I
                 0,056    0,011    0,282      0,056    0,093      0,098    0,779     0,193     O
                 0,192    0,033    0,377      0,192    0,254      0,217    0,793     0,295     SNRTY
                 0,897    0,145    0,798      0,897    0,844      0,738    0,951     0,950     0
                 0,003    0,002    0,057      0,003    0,006      0,006    0,725     0,058     BMP
                 0,040    0,009    0,060      0,040    0,048      0,038    0,811     0,045     DZ
                 0,340    0,009    0,471      0,340    0,395      0,389    0,875     0,361     U
                 0,016    0,006    0,105      0,016    0,028      0,026    0,744     0,078     SNRTXY
Weighted Avg.    0,546    0,091    0,512      0,546    0,505      0,446    0,869     0,569     


=== Confusion Matrix ===

     a     b     c     d     e     f     g     h     i     j     k     l   <-- classified as
  9041   135  3393    23   193   174   341   776    11   176    15    55 |     a = A
   437   122  1714     1   232    78   481  1208    28    21    24    82 |     b = LGJKC
   942    96  5007     0   290    12   209   274    18     8    11    43 |     c = E
   111     8   489     0   127    47   110   327     6    43     8    10 |     d = FV
   205    95  1979     0   919     0   142   195     3     2     0    21 |     e = I
  1465    64  2944     3    77   372   268   731     7   216   464    35 |     f = O
   701   177  1511    10   423   191  1659  3671    41   116    31   132 |     g = SNRTY
   581   104  1422     5   499   216   608 32125    27   113    42    91 |     h = 0
   328    37  1199     6   367    47   180   537    10    51   131    22 |     i = BMP
   262     0   812     0    76    29    23    51     6    54    10    23 |     j = DZ
   409    31   633     0    91    82    50    35    10    31   708     0 |     k = U
   591    27  1797     0   374    72   324   323     8    66    60    60 |     l = SNRTXY

=== Percent Confusion Matrix ===
a	b	c	d	e	f	g	h	i	j	k	l	
63.08	0.94	23.67	0.16	1.35	1.21	2.38	5.41	0.08	1.23	0.1	0.38	 a = A
9.87	2.76	38.71	0.02	5.24	1.76	10.86	27.28	0.63	0.47	0.54	1.85	 b = LGJKC
13.63	1.39	72.46	0.0	4.2	0.17	3.02	3.97	0.26	0.12	0.16	0.62	 c = E
8.63	0.62	38.02	0.0	9.88	3.65	8.55	25.43	0.47	3.34	0.62	0.78	 d = FV
5.76	2.67	55.57	0.0	25.81	0.0	3.99	5.48	0.08	0.06	0.0	0.59	 e = I
22.04	0.96	44.3	0.05	1.16	5.6	4.03	11.0	0.11	3.25	6.98	0.53	 f = O
8.09	2.04	17.44	0.12	4.88	2.2	19.15	42.38	0.47	1.34	0.36	1.52	 g = SNRTY
1.62	0.29	3.97	0.01	1.39	0.6	1.7	89.65	0.08	0.32	0.12	0.25	 h = 0
11.25	1.27	41.13	0.21	12.59	1.61	6.17	18.42	0.34	1.75	4.49	0.75	 i = BMP
19.47	0.0	60.33	0.0	5.65	2.15	1.71	3.79	0.45	4.01	0.74	1.71	 j = DZ
19.66	1.49	30.43	0.0	4.38	3.94	2.4	1.68	0.48	1.49	34.04	0.0	 k = U
15.96	0.73	48.54	0.0	10.1	1.94	8.75	8.73	0.22	1.78	1.62	1.62	 l = SNRTXY
