Timestamp:2014-12-07-10:58:36
Inventario:I2
Intervalo:3ms
Ngramas:2
Clasificador:NaiveBayes
Relation Name:  I2-3ms-2gramas
Num Instances:  61134
Num Attributes: 21

     Name                      Type  Nom  Int Real     Missing      Unique  Dist
   1 0Int(dB)                   Num   0%  10%  90%     0 /  0%     2 /  0%   776 
   2 0Pitch(Hz)                 Num   0%  52%  48%     0 /  0%   559 /  1%  3828 
   3 0RawPitch                  Num   0%  55%  45%     0 /  0%   613 /  1%  3808 
   4 0SmPitch                   Num   0%  53%  47%     0 /  0%   575 /  1%  3802 
   5 0Melogram(st)              Num   0%  49%  51%     0 /  0%   269 /  0%  3285 
   6 0ZCross                    Num   0% 100%   0%     0 /  0%     3 /  0%    50 
   7 0F1(Hz)                    Num   0%  52%  48%     0 /  0%  1075 /  2%  4783 
   8 0F2(Hz)                    Num   0%  52%  48%     0 /  0%  2270 /  4%  6724 
   9 0F3(Hz)                    Num   0%  52%  48%     0 /  0%  1945 /  3%  6241 
  10 0F4(Hz)                    Num   0%  52%  48%     0 /  0%  1922 /  3%  6122 
  11 1Int(dB)                   Num   0%  10%  90%     0 /  0%     3 /  0%   777 
  12 1Pitch(Hz)                 Num   0%  52%  48%     0 /  0%   559 /  1%  3828 
  13 1RawPitch                  Num   0%  55%  45%     0 /  0%   613 /  1%  3808 
  14 1SmPitch                   Num   0%  53%  47%     0 /  0%   575 /  1%  3802 
  15 1Melogram(st)              Num   0%  49%  51%     0 /  0%   269 /  0%  3285 
  16 1ZCross                    Num   0% 100%   0%     0 /  0%     3 /  0%    50 
  17 1F1(Hz)                    Num   0%  52%  48%     0 /  0%  1075 /  2%  4783 
  18 1F2(Hz)                    Num   0%  52%  48%     0 /  0%  2270 /  4%  6724 
  19 1F3(Hz)                    Num   0%  52%  48%     0 /  0%  1945 /  3%  6241 
  20 1F4(Hz)                    Num   0%  52%  48%     0 /  0%  1922 /  3%  6122 
  21 class                      Nom 100%   0%   0%     0 /  0%     0 /  0%    12 


Naive Bayes Classifier

                    Class
Attribute               A     LGJKC         E        FV         I         O     SNRTY         0       BMP        DZ         U    SNRTXY
                   (0.16)    (0.05)    (0.08)    (0.01)    (0.04)    (0.07)     (0.1)    (0.39)    (0.03)    (0.01)    (0.02)    (0.04)
========================================================================================================================================
0Int(dB)
  mean             -4.2584  -15.5397   -5.2147  -14.9846    -8.825   -8.1561  -19.8428  -48.4233  -12.5947   -8.3385   -5.2953  -10.4676
  std. dev.         9.6363   11.2376    8.1108    8.8593    8.4293   12.1343    9.4526   16.0579   10.7736    6.7894    7.8625    8.3532
  weight sum          9585      2963      4621       864      2382      4463      5808     23725      1948       904      1386      2485
  precision         0.1044    0.1044    0.1044    0.1044    0.1044    0.1044    0.1044    0.1044    0.1044    0.1044    0.1044    0.1044

0Pitch(Hz)
  mean             215.424   130.399  190.0809  133.2458  173.0172    179.07   82.9702   16.2537  159.7556  196.8632   229.415   175.987
  std. dev.       108.1379  111.5347   87.8538  107.2688   76.7882  105.2101  105.5866   55.6472  110.8403    89.247   85.2349  102.7965
  weight sum          9585      2963      4621       864      2382      4463      5808     23725      1948       904      1386      2485
  precision         0.1303    0.1303    0.1303    0.1303    0.1303    0.1303    0.1303    0.1303    0.1303    0.1303    0.1303    0.1303

0RawPitch
  mean             205.191  107.8889  185.5537  108.1776  165.5748  172.9408   63.8907   13.3293  147.2848  190.9996  220.5485  162.6881
  std. dev.       114.0304  109.3109   94.6689  103.4633   83.1744  112.1655   98.9024   50.0209  115.9925   97.8483   93.0837  112.0712
  weight sum          9585      2963      4621       864      2382      4463      5808     23725      1948       904      1386      2485
  precision          0.131     0.131     0.131     0.131     0.131     0.131     0.131     0.131     0.131     0.131     0.131     0.131

0SmPitch
  mean            213.3805  120.5567  188.4788  123.2631  170.4827   176.912   76.0432   14.6597   155.285  196.2119  229.0404  173.4928
  std. dev.        109.759  112.6343   89.1689  104.6396   79.2893  107.4207  103.4965   51.7894  113.4942   90.4104   85.2781  104.4798
  weight sum          9585      2963      4621       864      2382      4463      5808     23725      1948       904      1386      2485
  precision         0.1312    0.1312    0.1312    0.1312    0.1312    0.1312    0.1312    0.1312    0.1312    0.1312    0.1312    0.1312

0Melogram(st)
  mean             51.3557   32.7734   50.4808   37.3343    48.407    46.671   22.3413    4.8136   41.4703   51.6291   54.1306   46.1228
  std. dev.        16.9062    26.884   15.3557   24.8638   16.3656   20.3864   26.9099   15.4722   24.3086    13.988   14.2012   20.9736
  weight sum          9585      2963      4621       864      2382      4463      5808     23725      1948       904      1386      2485
  precision         0.0252    0.0252    0.0252    0.0252    0.0252    0.0252    0.0252    0.0252    0.0252    0.0252    0.0252    0.0252

0ZCross
  mean              7.0158    2.9833    4.9388    1.9347    3.5777    4.0484    2.7936    0.2298    2.3719    3.6365    3.8272    3.1715
  std. dev.         4.5915    3.6963    3.1975    2.0238    3.1538    2.8985    5.3156    1.0464    2.0915    2.1699    2.8121    4.9948
  weight sum          9585      2963      4621       864      2382      4463      5808     23725      1948       904      1386      2485
  precision         1.1633    1.1633    1.1633    1.1633    1.1633    1.1633    1.1633    1.1633    1.1633    1.1633    1.1633    1.1633

0F1(Hz)
  mean            678.6538  328.6829  462.8688  388.2589  360.2165   483.672  251.5229   52.7198  372.4682   503.296  496.5514  433.1838
  std. dev.       272.3175  274.7054  146.9719  277.0199    146.32  226.1449  291.0893  165.2455  237.0685  171.4896  309.2602  202.6263
  weight sum          9585      2963      4621       864      2382      4463      5808     23725      1948       904      1386      2485
  precision         0.3642    0.3642    0.3642    0.3642    0.3642    0.3642    0.3642    0.3642    0.3642    0.3642    0.3642    0.3642

0F2(Hz)
  mean           1441.2512  1109.357 1781.0424 1180.6948 1961.8033 1142.8991  768.0459  165.0381  1312.066 1445.0356 1050.0402 1465.0518
  std. dev.       459.1186  876.8105  532.5896  774.0059  680.1225  536.7971  857.2741  511.9376  750.4882  392.4853  432.2873  620.7476
  weight sum          9585      2963      4621       864      2382      4463      5808     23725      1948       904      1386      2485
  precision         0.4431    0.4431    0.4431    0.4431    0.4431    0.4431    0.4431    0.4431    0.4431    0.4431    0.4431    0.4431

0F3(Hz)
  mean           2651.2499 1843.7629 2615.4812 2012.5832 2642.4014 2498.5172 1317.6148  281.5612  2207.248 2794.3463 2665.1247 2526.3388
  std. dev.       819.3519 1436.1893  792.6591  1307.812   937.499 1024.1918 1459.4189  858.2468 1206.6787  668.5359  803.6971 1003.1436
  weight sum          9585      2963      4621       864      2382      4463      5808     23725      1948       904      1386      2485
  precision         0.6602    0.6602    0.6602    0.6602    0.6602    0.6602    0.6602    0.6602    0.6602    0.6602    0.6602    0.6602

0F4(Hz)
  mean           3075.9587 2101.5572 3152.5297 2403.3745 3143.1187 2876.7808 1511.5822  338.5649 2646.3634 3240.3794 3052.6473 2899.8327
  std. dev.       936.7556 1624.1062  921.2174 1526.7311 1073.3319 1161.8705 1663.0468 1029.6698 1415.4829  751.3128  827.1813 1153.1956
  weight sum          9585      2963      4621       864      2382      4463      5808     23725      1948       904      1386      2485
  precision         0.6775    0.6775    0.6775    0.6775    0.6775    0.6775    0.6775    0.6775    0.6775    0.6775    0.6775    0.6775

1Int(dB)
  mean             -4.2995  -15.1069   -5.2154  -14.9663    -8.745    -8.205  -19.7107  -48.5185  -12.2908   -8.2151   -5.0964  -10.6372
  std. dev.         9.6425   10.9007     8.061    8.8198    8.4284   12.2015    9.4473   15.9242   10.5869    6.8402    7.5403    8.3925
  weight sum          9585      2963      4621       864      2382      4463      5808     23725      1948       904      1386      2485
  precision         0.1043    0.1043    0.1043    0.1043    0.1043    0.1043    0.1043    0.1043    0.1043    0.1043    0.1043    0.1043

1Pitch(Hz)
  mean            215.2171   133.684  190.6854  132.7243  173.6379  178.3171   83.4102   15.7163  161.0025  196.7149   230.256  175.3921
  std. dev.       108.2936  111.4175   87.4198  107.1636   76.0641  105.1185  106.0628   54.8001  109.8138   89.5099   83.5916  103.1093
  weight sum          9585      2963      4621       864      2382      4463      5808     23725      1948       904      1386      2485
  precision         0.1303    0.1303    0.1303    0.1303    0.1303    0.1303    0.1303    0.1303    0.1303    0.1303    0.1303    0.1303

1RawPitch
  mean             205.011  110.7226  186.0468  107.6938  166.4491  172.3446   64.4541   12.8466  148.5952   190.776   221.377  161.3722
  std. dev.       114.2273  109.7547   94.2836  102.8608   82.7406   111.886   99.3458   49.2575  115.2511   97.6689   91.8259  112.5171
  weight sum          9585      2963      4621       864      2382      4463      5808     23725      1948       904      1386      2485
  precision          0.131     0.131     0.131     0.131     0.131     0.131     0.131     0.131     0.131     0.131     0.131     0.131

1SmPitch
  mean             213.279  123.5147  189.2421  123.0119  171.0176  176.2127   76.5201   14.1431  156.3345   196.165   229.966  172.2645
  std. dev.       109.7994  112.8412   88.6477  104.4081   78.8205  107.2818  103.9302   50.9143  112.6809   90.4791   83.6261   105.134
  weight sum          9585      2963      4621       864      2382      4463      5808     23725      1948       904      1386      2485
  precision         0.1312    0.1312    0.1312    0.1312    0.1312    0.1312    0.1312    0.1312    0.1312    0.1312    0.1312    0.1312

1Melogram(st)
  mean             51.3572    33.408   50.6147   37.2513   48.6212   46.5702   22.3776     4.671   41.7583   51.6188   54.4863   45.9716
  std. dev.        16.8758   26.8176   15.1287    24.928   16.0378    20.439   26.9577   15.2683   24.1126   13.9964   13.4335   21.1087
  weight sum          9585      2963      4621       864      2382      4463      5808     23725      1948       904      1386      2485
  precision         0.0252    0.0252    0.0252    0.0252    0.0252    0.0252    0.0252    0.0252    0.0252    0.0252    0.0252    0.0252

1ZCross
  mean              6.9994    3.0261    4.9156    1.9401    3.5967    4.0424     2.824    0.2221    2.4227     3.706    3.8515    3.1411
  std. dev.         4.6018    3.6698    3.2034    2.0364    3.1513    2.9091    5.3166    1.0405    2.0849    2.1752    2.7932    5.0092
  weight sum          9585      2963      4621       864      2382      4463      5808     23725      1948       904      1386      2485
  precision         1.1633    1.1633    1.1633    1.1633    1.1633    1.1633    1.1633    1.1633    1.1633    1.1633    1.1633    1.1633

1F1(Hz)
  mean             683.313  330.5602  466.9426  381.3156  363.5983  486.8876  245.2618   50.9727  372.4935  504.4024  501.4313  426.9662
  std. dev.       268.9093   273.463  141.0764  276.5899  141.2908  224.2029  288.7902  162.6135  235.5015  171.5549  304.2361  202.3611
  weight sum          9585      2963      4621       864      2382      4463      5808     23725      1948       904      1386      2485
  precision         0.3642    0.3642    0.3642    0.3642    0.3642    0.3642    0.3642    0.3642    0.3642    0.3642    0.3642    0.3642

1F2(Hz)
  mean           1445.9618 1114.7351 1800.7234 1172.6362 1991.3969 1143.6165  752.3874  159.6945 1312.5688 1445.0542 1063.4653 1456.7438
  std. dev.       449.7706  872.1813  507.5736  779.2046  651.9928  529.3781  855.1375  504.4835  745.4148   394.779  414.3404  625.6337
  weight sum          9585      2963      4621       864      2382      4463      5808     23725      1948       904      1386      2485
  precision         0.4431    0.4431    0.4431    0.4431    0.4431    0.4431    0.4431    0.4431    0.4431    0.4431    0.4431    0.4431

1F3(Hz)
  mean           2661.7097 1858.6091  2638.722 1994.0357 2676.1136 2509.8227 1289.0994  272.2945 2208.9124 2793.5531  2701.015 2512.9885
  std. dev.       804.8708 1432.7645  758.2975 1314.2962  900.3451 1013.4676 1455.0706  845.4957 1199.4463  675.3818  745.1651 1014.0342
  weight sum          9585      2963      4621       864      2382      4463      5808     23725      1948       904      1386      2485
  precision         0.6602    0.6602    0.6602    0.6602    0.6602    0.6602    0.6602    0.6602    0.6602    0.6602    0.6602    0.6602

1F4(Hz)
  mean           3086.6146 2119.6964  3179.034 2385.6763 3179.5458  2888.156 1480.8848  327.6245 2654.3032 3237.6627 3093.8479 2886.6057
  std. dev.       919.3099 1620.6194  877.8457 1536.6667  1026.953 1148.0627 1660.8423 1014.9155 1409.2849  758.6904  750.1771 1167.5753
  weight sum          9585      2963      4621       864      2382      4463      5808     23725      1948       904      1386      2485
  precision         0.6775    0.6775    0.6775    0.6775    0.6775    0.6775    0.6775    0.6775    0.6775    0.6775    0.6775    0.6775





=== Stratified cross-validation ===

Correctly Classified Instances       32181               52.6401 %
Incorrectly Classified Instances     28953               47.3599 %
Kappa statistic                          0.4013
K&B Relative Info Score            2353626.1711 %
K&B Information Score                67553.3502 bits      1.105  bits/instance
Class complexity | order 0          175446.5243 bits      2.8699 bits/instance
Class complexity | scheme           729589.6365 bits     11.9343 bits/instance
Complexity improvement     (Sf)    -554143.1123 bits     -9.0644 bits/instance
Mean absolute error                      0.0814
Root mean squared error                  0.2453
Relative absolute error                 61.2632 %
Root relative squared error             95.1643 %
Coverage of cases (0.95 level)          65.3483 %
Mean rel. region size (0.95 level)      18.5152 %
Total Number of Instances            61134     


=== Detailed Accuracy By Class ===

                 TP Rate  FP Rate  Precision  Recall   F-Measure  MCC      ROC Area  PRC Area  Class
                 0,503    0,046    0,672      0,503    0,575      0,516    0,885     0,624     A
                 0,021    0,007    0,126      0,021    0,036      0,033    0,691     0,085     LGJKC
                 0,659    0,121    0,308      0,659    0,419      0,386    0,866     0,402     E
                 0,041    0,017    0,033      0,041    0,037      0,022    0,734     0,030     FV
                 0,333    0,038    0,261      0,333    0,292      0,262    0,860     0,272     I
                 0,014    0,005    0,185      0,014    0,027      0,032    0,779     0,186     O
                 0,185    0,029    0,399      0,185    0,253      0,222    0,795     0,299     SNRTY
                 0,897    0,139    0,803      0,897    0,848      0,745    0,953     0,950     0
                 0,011    0,005    0,068      0,011    0,019      0,015    0,724     0,058     BMP
                 0,398    0,117    0,049      0,398    0,087      0,104    0,813     0,046     DZ
                 0,427    0,021    0,323      0,427    0,368      0,355    0,874     0,360     U
                 0,014    0,006    0,087      0,014    0,024      0,019    0,734     0,075     SNRTXY
Weighted Avg.    0,526    0,078    0,522      0,526    0,502      0,446    0,868     0,568     


=== Confusion Matrix ===

     a     b     c     d     e     f     g     h     i     j     k     l   <-- classified as
  4817    94  1572   160   191    68   184   499    29  1697   241    33 |     a = A
   182    63   671    66   233    39   323   775    43   445    65    58 |     b = LGJKC
   470    54  3045    69   259     7   111   176    39   328    47    16 |     c = E
    63     8   144    35   101     3    66   205     3   215     5    16 |     d = FV
   122    44  1098    45   793     0    87   126    25    34     3     5 |     e = I
   540    49  1204   111    41    64   122   481    19  1248   535    49 |     f = O
   258    94   402   204   338    59  1074  2349    67   809    52   102 |     g = SNRTY
   108    48   464   193   377    71   360 21282    36   668    66    52 |     h = 0
   134    20   419    43   299    12   118   344    21   399   120    19 |     i = BMP
   112     0   259    10    61     4    14    35     5   360    28    16 |     j = DZ
   154    23   180    23    56     7    32    22    18   279   592     0 |     k = U
   210     2   440    86   292    12   201   203     5   922    77    35 |     l = SNRTXY

=== Percent Confusion Matrix ===
a	b	c	d	e	f	g	h	i	j	k	l	
50.26	0.98	16.4	1.67	1.99	0.71	1.92	5.21	0.3	17.7	2.51	0.34	 a = A
6.14	2.13	22.65	2.23	7.86	1.32	10.9	26.16	1.45	15.02	2.19	1.96	 b = LGJKC
10.17	1.17	65.89	1.49	5.6	0.15	2.4	3.81	0.84	7.1	1.02	0.35	 c = E
7.29	0.93	16.67	4.05	11.69	0.35	7.64	23.73	0.35	24.88	0.58	1.85	 d = FV
5.12	1.85	46.1	1.89	33.29	0.0	3.65	5.29	1.05	1.43	0.13	0.21	 e = I
12.1	1.1	26.98	2.49	0.92	1.43	2.73	10.78	0.43	27.96	11.99	1.1	 f = O
4.44	1.62	6.92	3.51	5.82	1.02	18.49	40.44	1.15	13.93	0.9	1.76	 g = SNRTY
0.46	0.2	1.96	0.81	1.59	0.3	1.52	89.7	0.15	2.82	0.28	0.22	 h = 0
6.88	1.03	21.51	2.21	15.35	0.62	6.06	17.66	1.08	20.48	6.16	0.98	 i = BMP
12.39	0.0	28.65	1.11	6.75	0.44	1.55	3.87	0.55	39.82	3.1	1.77	 j = DZ
11.11	1.66	12.99	1.66	4.04	0.51	2.31	1.59	1.3	20.13	42.71	0.0	 k = U
8.45	0.08	17.71	3.46	11.75	0.48	8.09	8.17	0.2	37.1	3.1	1.41	 l = SNRTXY
