Timestamp:2014-12-07-10:58:28
Inventario:I2
Intervalo:3ms
Ngramas:1
Clasificador:NaiveBayes
Relation Name:  I2-3ms-1gramas
Num Instances:  61135
Num Attributes: 11

     Name                      Type  Nom  Int Real     Missing      Unique  Dist
   1 0Int(dB)                   Num   0%  10%  90%     0 /  0%     3 /  0%   777 
   2 0Pitch(Hz)                 Num   0%  52%  48%     0 /  0%   559 /  1%  3828 
   3 0RawPitch                  Num   0%  55%  45%     0 /  0%   613 /  1%  3808 
   4 0SmPitch                   Num   0%  53%  47%     0 /  0%   575 /  1%  3802 
   5 0Melogram(st)              Num   0%  49%  51%     0 /  0%   269 /  0%  3285 
   6 0ZCross                    Num   0% 100%   0%     0 /  0%     3 /  0%    50 
   7 0F1(Hz)                    Num   0%  52%  48%     0 /  0%  1075 /  2%  4783 
   8 0F2(Hz)                    Num   0%  52%  48%     0 /  0%  2270 /  4%  6724 
   9 0F3(Hz)                    Num   0%  52%  48%     0 /  0%  1945 /  3%  6241 
  10 0F4(Hz)                    Num   0%  52%  48%     0 /  0%  1922 /  3%  6122 
  11 class                      Nom 100%   0%   0%     0 /  0%     0 /  0%    12 


Naive Bayes Classifier

                    Class
Attribute               A     LGJKC         E        FV         I         O     SNRTY         0       BMP        DZ         U    SNRTXY
                   (0.16)    (0.05)    (0.08)    (0.01)    (0.04)    (0.07)     (0.1)    (0.39)    (0.03)    (0.01)    (0.02)    (0.04)
========================================================================================================================================
0Int(dB)
  mean             -4.2995  -15.1069   -5.2154  -14.9663    -8.745    -8.205  -19.7107  -48.5184  -12.2908   -8.2151   -5.0964  -10.6372
  std. dev.         9.6425   10.9007     8.061    8.8198    8.4284   12.2015    9.4473   15.9239   10.5869    6.8402    7.5403    8.3925
  weight sum          9585      2963      4621       864      2382      4463      5808     23726      1948       904      1386      2485
  precision         0.1043    0.1043    0.1043    0.1043    0.1043    0.1043    0.1043    0.1043    0.1043    0.1043    0.1043    0.1043

0Pitch(Hz)
  mean            215.2171   133.684  190.6854  132.7243  173.6379  178.3171   83.4102   15.7156  161.0025  196.7149   230.256  175.3921
  std. dev.       108.2936  111.4175   87.4198  107.1636   76.0641  105.1185  106.0628    54.799  109.8138   89.5099   83.5916  103.1093
  weight sum          9585      2963      4621       864      2382      4463      5808     23726      1948       904      1386      2485
  precision         0.1303    0.1303    0.1303    0.1303    0.1303    0.1303    0.1303    0.1303    0.1303    0.1303    0.1303    0.1303

0RawPitch
  mean             205.011  110.7226  186.0468  107.6938  166.4491  172.3446   64.4541    12.846  148.5952   190.776   221.377  161.3722
  std. dev.       114.2273  109.7547   94.2836  102.8608   82.7406   111.886   99.3458   49.2565  115.2511   97.6689   91.8259  112.5171
  weight sum          9585      2963      4621       864      2382      4463      5808     23726      1948       904      1386      2485
  precision          0.131     0.131     0.131     0.131     0.131     0.131     0.131     0.131     0.131     0.131     0.131     0.131

0SmPitch
  mean             213.279  123.5147  189.2421  123.0119  171.0176  176.2127   76.5201   14.1425  156.3345   196.165   229.966  172.2645
  std. dev.       109.7994  112.8412   88.6477  104.4081   78.8205  107.2818  103.9302   50.9133  112.6809   90.4791   83.6261   105.134
  weight sum          9585      2963      4621       864      2382      4463      5808     23726      1948       904      1386      2485
  precision         0.1312    0.1312    0.1312    0.1312    0.1312    0.1312    0.1312    0.1312    0.1312    0.1312    0.1312    0.1312

0Melogram(st)
  mean             51.3572    33.408   50.6147   37.2513   48.6212   46.5702   22.3776    4.6708   41.7583   51.6188   54.4863   45.9716
  std. dev.        16.8758   26.8176   15.1287    24.928   16.0378    20.439   26.9577    15.268   24.1126   13.9964   13.4335   21.1087
  weight sum          9585      2963      4621       864      2382      4463      5808     23726      1948       904      1386      2485
  precision         0.0252    0.0252    0.0252    0.0252    0.0252    0.0252    0.0252    0.0252    0.0252    0.0252    0.0252    0.0252

0ZCross
  mean              6.9994    3.0261    4.9156    1.9401    3.5967    4.0424     2.824    0.2221    2.4227     3.706    3.8515    3.1411
  std. dev.         4.6018    3.6698    3.2034    2.0364    3.1513    2.9091    5.3166    1.0404    2.0849    2.1752    2.7932    5.0092
  weight sum          9585      2963      4621       864      2382      4463      5808     23726      1948       904      1386      2485
  precision         1.1633    1.1633    1.1633    1.1633    1.1633    1.1633    1.1633    1.1633    1.1633    1.1633    1.1633    1.1633

0F1(Hz)
  mean             683.313  330.5602  466.9426  381.3156  363.5983  486.8876  245.2618   50.9705  372.4935  504.4024  501.4313  426.9662
  std. dev.       268.9093   273.463  141.0764  276.5899  141.2908  224.2029  288.7902  162.6104  235.5015  171.5549  304.2361  202.3611
  weight sum          9585      2963      4621       864      2382      4463      5808     23726      1948       904      1386      2485
  precision         0.3642    0.3642    0.3642    0.3642    0.3642    0.3642    0.3642    0.3642    0.3642    0.3642    0.3642    0.3642

0F2(Hz)
  mean           1445.9618 1114.7351 1800.7234 1172.6362 1991.3969 1143.6165  752.3874  159.6878 1312.5688 1445.0542 1063.4653 1456.7438
  std. dev.       449.7706  872.1813  507.5736  779.2046  651.9928  529.3781  855.1375  504.4739  745.4148   394.779  414.3404  625.6337
  weight sum          9585      2963      4621       864      2382      4463      5808     23726      1948       904      1386      2485
  precision         0.4431    0.4431    0.4431    0.4431    0.4431    0.4431    0.4431    0.4431    0.4431    0.4431    0.4431    0.4431

0F3(Hz)
  mean           2661.7097 1858.6091  2638.722 1994.0357 2676.1136 2509.8227 1289.0994   272.283 2208.9124 2793.5531  2701.015 2512.9885
  std. dev.       804.8708 1432.7645  758.2975 1314.2962  900.3451 1013.4676 1455.0706  845.4798 1199.4463  675.3818  745.1651 1014.0342
  weight sum          9585      2963      4621       864      2382      4463      5808     23726      1948       904      1386      2485
  precision         0.6602    0.6602    0.6602    0.6602    0.6602    0.6602    0.6602    0.6602    0.6602    0.6602    0.6602    0.6602

0F4(Hz)
  mean           3086.6146 2119.6964  3179.034 2385.6763 3179.5458  2888.156 1480.8848  327.6107 2654.3032 3237.6627 3093.8479 2886.6057
  std. dev.       919.3099 1620.6194  877.8457 1536.6667  1026.953 1148.0627 1660.8423 1014.8963 1409.2849  758.6904  750.1771 1167.5753
  weight sum          9585      2963      4621       864      2382      4463      5808     23726      1948       904      1386      2485
  precision         0.6775    0.6775    0.6775    0.6775    0.6775    0.6775    0.6775    0.6775    0.6775    0.6775    0.6775    0.6775





=== Stratified cross-validation ===

Correctly Classified Instances       33356               54.5612 %
Incorrectly Classified Instances     27779               45.4388 %
Kappa statistic                          0.4153
K&B Relative Info Score            2403103.602  %
K&B Information Score                68972.5821 bits      1.1282 bits/instance
Class complexity | order 0          175447.8898 bits      2.8698 bits/instance
Class complexity | scheme           398732.395  bits      6.5222 bits/instance
Complexity improvement     (Sf)    -223284.5052 bits     -3.6523 bits/instance
Mean absolute error                      0.0826
Root mean squared error                  0.233 
Relative absolute error                 62.1653 %
Root relative squared error             90.4048 %
Coverage of cases (0.95 level)          73.3819 %
Mean rel. region size (0.95 level)      27.2118 %
Total Number of Instances            61135     


=== Detailed Accuracy By Class ===

                 TP Rate  FP Rate  Precision  Recall   F-Measure  MCC      ROC Area  PRC Area  Class
                 0,628    0,075    0,608      0,628    0,618      0,546    0,885     0,620     A
                 0,024    0,008    0,130      0,024    0,040      0,036    0,691     0,086     LGJKC
                 0,734    0,218    0,216      0,734    0,334      0,312    0,868     0,390     E
                 0,000    0,001    0,000      0,000    0,000      -0,003   0,730     0,029     FV
                 0,240    0,027    0,264      0,240    0,251      0,223    0,869     0,314     I
                 0,060    0,012    0,275      0,060    0,098      0,099    0,779     0,194     O
                 0,193    0,033    0,377      0,193    0,255      0,218    0,789     0,290     SNRTY
                 0,900    0,143    0,799      0,900    0,847      0,743    0,953     0,951     0
                 0,005    0,002    0,069      0,005    0,009      0,010    0,726     0,059     BMP
                 0,033    0,009    0,052      0,033    0,041      0,030    0,811     0,046     DZ
                 0,361    0,010    0,444      0,361    0,398      0,388    0,877     0,358     U
                 0,008    0,005    0,069      0,008    0,015      0,010    0,741     0,077     SNRTXY
Weighted Avg.    0,546    0,090    0,510      0,546    0,504      0,446    0,869     0,568     


=== Confusion Matrix ===

     a     b     c     d     e     f     g     h     i     j     k     l   <-- classified as
  6024    92  2279    17   112   124   222   517     6   142    22    28 |     a = A
   292    71  1187     2   123    56   332   795    26    10    22    47 |     b = LGJKC
   608    62  3392     0   176    11   138   178    17     3    13    23 |     c = E
    73     5   349     0    78    36    71   216     3    23     4     6 |     d = FV
   142    54  1365     0   571     0   103   131     4     0     0    12 |     e = I
   937    40  2014     1    27   266   179   489     4   145   343    18 |     f = O
   473   112  1082     6   267   135  1120  2422    27    63    22    79 |     g = SNRTY
   362    53   925     3   294   157   405 21352    19    76    33    47 |     h = 0
   198    25   843     5   213    36   121   354     9    31   101    12 |     i = BMP
   173     0   557     0    44    24    17    35     5    30    10     9 |     j = DZ
   253    18   426     0    46    61    35    21     3    22   500     1 |     k = U
   365    15  1291     0   208    60   225   209     8    27    56    21 |     l = SNRTXY

=== Percent Confusion Matrix ===
a	b	c	d	e	f	g	h	i	j	k	l	
62.85	0.96	23.78	0.18	1.17	1.29	2.32	5.39	0.06	1.48	0.23	0.29	 a = A
9.85	2.4	40.06	0.07	4.15	1.89	11.2	26.83	0.88	0.34	0.74	1.59	 b = LGJKC
13.16	1.34	73.4	0.0	3.81	0.24	2.99	3.85	0.37	0.06	0.28	0.5	 c = E
8.45	0.58	40.39	0.0	9.03	4.17	8.22	25.0	0.35	2.66	0.46	0.69	 d = FV
5.96	2.27	57.3	0.0	23.97	0.0	4.32	5.5	0.17	0.0	0.0	0.5	 e = I
20.99	0.9	45.13	0.02	0.6	5.96	4.01	10.96	0.09	3.25	7.69	0.4	 f = O
8.14	1.93	18.63	0.1	4.6	2.32	19.28	41.7	0.46	1.08	0.38	1.36	 g = SNRTY
1.53	0.22	3.9	0.01	1.24	0.66	1.71	89.99	0.08	0.32	0.14	0.2	 h = 0
10.16	1.28	43.28	0.26	10.93	1.85	6.21	18.17	0.46	1.59	5.18	0.62	 i = BMP
19.14	0.0	61.62	0.0	4.87	2.65	1.88	3.87	0.55	3.32	1.11	1.0	 j = DZ
18.25	1.3	30.74	0.0	3.32	4.4	2.53	1.52	0.22	1.59	36.08	0.07	 k = U
14.69	0.6	51.95	0.0	8.37	2.41	9.05	8.41	0.32	1.09	2.25	0.85	 l = SNRTXY
