Timestamp:2014-12-07-10:59:51
Inventario:I2
Intervalo:6ms
Ngramas:2
Clasificador:NaiveBayes
Relation Name:  I2-6ms-2gramas
Num Instances:  30452
Num Attributes: 21

     Name                      Type  Nom  Int Real     Missing      Unique  Dist
   1 0Int(dB)                   Num   0%  10%  90%     0 /  0%     2 /  0%   776 
   2 0Pitch(Hz)                 Num   0%  51%  49%     0 /  0%   750 /  2%  3423 
   3 0RawPitch                  Num   0%  55%  45%     0 /  0%   699 /  2%  3337 
   4 0SmPitch                   Num   0%  53%  47%     0 /  0%   748 /  2%  3382 
   5 0Melogram(st)              Num   0%  48%  52%     0 /  0%   413 /  1%  3048 
   6 0ZCross                    Num   0% 100%   0%     0 /  0%     8 /  0%    47 
   7 0F1(Hz)                    Num   0%  52%  48%     0 /  0%  1130 /  4%  4802 
   8 0F2(Hz)                    Num   0%  51%  49%     0 /  0%  2251 /  7%  6691 
   9 0F3(Hz)                    Num   0%  52%  48%     0 /  0%  1969 /  6%  6255 
  10 0F4(Hz)                    Num   0%  52%  48%     0 /  0%  1938 /  6%  6099 
  11 1Int(dB)                   Num   0%  10%  90%     0 /  0%     3 /  0%   777 
  12 1Pitch(Hz)                 Num   0%  51%  49%     0 /  0%   750 /  2%  3423 
  13 1RawPitch                  Num   0%  55%  45%     0 /  0%   699 /  2%  3337 
  14 1SmPitch                   Num   0%  53%  47%     0 /  0%   748 /  2%  3382 
  15 1Melogram(st)              Num   0%  48%  52%     0 /  0%   413 /  1%  3048 
  16 1ZCross                    Num   0% 100%   0%     0 /  0%     8 /  0%    47 
  17 1F1(Hz)                    Num   0%  52%  48%     0 /  0%  1130 /  4%  4802 
  18 1F2(Hz)                    Num   0%  51%  49%     0 /  0%  2251 /  7%  6691 
  19 1F3(Hz)                    Num   0%  52%  48%     0 /  0%  1969 /  6%  6255 
  20 1F4(Hz)                    Num   0%  52%  48%     0 /  0%  1938 /  6%  6099 
  21 class                      Nom 100%   0%   0%     0 /  0%     0 /  0%    12 


Naive Bayes Classifier

                    Class
Attribute               A     LGJKC         E        FV         I         O     SNRTY         0       BMP        DZ         U    SNRTXY
                   (0.16)    (0.05)    (0.08)    (0.01)    (0.04)    (0.07)     (0.1)    (0.38)    (0.03)    (0.01)    (0.02)    (0.04)
========================================================================================================================================
0Int(dB)
  mean             -4.3897  -15.8985   -5.4538  -14.9101   -9.0975     -8.32  -19.8827   -48.822   -12.808   -8.3777   -5.7217  -10.2662
  std. dev.         9.7701   11.6832    8.3541     9.056    8.4757   12.1084    9.6412   15.7027   10.9801    6.7523    8.3788    8.3511
  weight sum          4825      1495      2347       430      1206      2251      2912     11610       980       453       697      1246
  precision         0.1001    0.1001    0.1001    0.1001    0.1001    0.1001    0.1001    0.1001    0.1001    0.1001    0.1001    0.1001

0Pitch(Hz)
  mean            215.1858  129.3649  188.9309  135.5009  172.4627  179.6002   86.8917   15.2625  162.0524  196.8696  229.1165  178.6153
  std. dev.       107.7136  110.8074   88.8484  107.5102   77.3033  105.0982  106.2567     53.89  110.5525   89.1614    86.113  101.4837
  weight sum          4825      1495      2347       430      1206      2251      2912     11610       980       453       697      1246
  precision         0.1457    0.1457    0.1457    0.1457    0.1457    0.1457    0.1457    0.1457    0.1457    0.1457    0.1457    0.1457

0RawPitch
  mean            204.8304  108.6374  185.2813   111.142  164.6635  173.0353   68.0383   12.5242  147.7901  192.0542  219.1052   165.347
  std. dev.       113.2593  108.4392   94.3657   103.983   82.3462  111.2194  100.1913   48.0496  115.4056   96.8511   94.0431  110.4673
  weight sum          4825      1495      2347       430      1206      2251      2912     11610       980       453       697      1246
  precision         0.1486    0.1486    0.1486    0.1486    0.1486    0.1486    0.1486    0.1486    0.1486    0.1486    0.1486    0.1486

0SmPitch
  mean            213.0105  120.4571  187.4191  126.3464   169.864  177.2873   79.8684    13.763  157.4726   196.136  227.6752  175.6511
  std. dev.       109.5872  112.0198   90.1622  104.6501   79.4786  107.1683  104.3365   49.9331  113.6823   90.5134   87.0875  103.3145
  weight sum          4825      1495      2347       430      1206      2251      2912     11610       980       453       697      1246
  precision         0.1475    0.1475    0.1475    0.1475    0.1475    0.1475    0.1475    0.1475    0.1475    0.1475    0.1475    0.1475

0Melogram(st)
  mean             51.4062   32.7705    50.443    38.768   48.4372   46.7991   23.4771    4.5867   42.0662   51.7615   54.1423     46.72
  std. dev.        16.8175   26.7824   15.4134   24.2654   16.3134   20.2997   27.0502   15.1422   23.9804      13.6    14.241   20.4641
  weight sum          4825      1495      2347       430      1206      2251      2912     11610       980       453       697      1246
  precision         0.0271    0.0271    0.0271    0.0271    0.0271    0.0271    0.0271    0.0271    0.0271    0.0271    0.0271    0.0271

0ZCross
  mean              6.9598    2.8967    4.9057    1.9165    3.5597    3.9697    2.7562    0.2049    2.3311    3.5269    3.7441    3.2118
  std. dev.         4.5644    3.5454    3.2087    2.0253    3.2377    2.9459    5.1961    0.9758    2.0986    2.1532    2.8259    4.8566
  weight sum          4825      1495      2347       430      1206      2251      2912     11610       980       453       697      1246
  precision         1.1739    1.1739    1.1739    1.1739    1.1739    1.1739    1.1739    1.1739    1.1739    1.1739    1.1739    1.1739

0F1(Hz)
  mean            671.8022  335.0167  458.4701  405.4793  358.3341  479.3066  270.0199   50.3988  382.1121  501.7228  490.8774  444.7698
  std. dev.       275.7695  274.1106  153.5049  275.9084  149.9822  228.1739  294.3178  162.5646  236.5551  169.8665  313.8193  200.7989
  weight sum          4825      1495      2347       430      1206      2251      2912     11610       980       453       697      1246
  precision         0.3628    0.3628    0.3628    0.3628    0.3628    0.3628    0.3628    0.3628    0.3628    0.3628    0.3628    0.3628

0F2(Hz)
  mean           1436.7855 1131.8837 1756.5682  1210.404 1934.2548 1142.3274  822.7494  156.3573 1334.4278  1445.933 1039.7614 1484.6813
  std. dev.       469.7671    875.83  558.7593  760.5497    698.11  545.8877  863.1665  498.6121  740.0834  387.8544  453.9752  605.2985
  weight sum          4825      1495      2347       430      1206      2251      2912     11610       980       453       697      1246
  precision         0.4452    0.4452    0.4452    0.4452    0.4452    0.4452    0.4452    0.4452    0.4452    0.4452    0.4452    0.4452

0F3(Hz)
  mean           2640.8558 1869.8757 2589.9599 2065.6755  2617.135   2486.42 1412.3534    267.83 2248.5273 2792.7197 2624.1187 2558.3474
  std. dev.       835.2949 1424.9403  828.9033 1286.9009  961.8845 1037.8263 1467.8279  838.7023 1187.9068  652.3593   862.036  972.3374
  weight sum          4825      1495      2347       430      1206      2251      2912     11610       980       453       697      1246
  precision         0.6587    0.6587    0.6587    0.6587    0.6587    0.6587    0.6587    0.6587    0.6587    0.6587    0.6587    0.6587

0F4(Hz)
  mean           3063.4806 2134.6394 3123.7667 2456.6943 3116.8532 2862.0839 1619.7766  322.5048 2685.0292 3250.4045 3008.5041 2934.0257
  std. dev.       955.4282 1614.2076   967.012 1495.5033 1104.1679 1178.6146 1671.5497 1007.8125 1387.1463  735.0539  904.6428 1115.4508
  weight sum          4825      1495      2347       430      1206      2251      2912     11610       980       453       697      1246
  precision         0.6801    0.6801    0.6801    0.6801    0.6801    0.6801    0.6801    0.6801    0.6801    0.6801    0.6801    0.6801

1Int(dB)
  mean             -4.3746  -15.1801   -5.3083  -14.9621   -8.8383   -8.2927  -19.7992  -49.0432  -12.3369   -8.2512   -5.2124   -10.604
  std. dev.         9.6808   10.9367    8.1563    8.8347    8.4087   12.1905    9.4462   15.4138    10.602    6.8533    7.6533    8.3777
  weight sum          4825      1495      2347       430      1206      2251      2912     11610       980       453       697      1246
  precision         0.1027    0.1027    0.1027    0.1027    0.1027    0.1027    0.1027    0.1027    0.1027    0.1027    0.1027    0.1027

1Pitch(Hz)
  mean            215.2971  135.4825  191.0581  133.3692  173.8339  178.5747    86.664   14.1311  163.7124  196.5351  230.7901  177.0522
  std. dev.       107.7031  110.3961   87.4612  106.8281   75.6506  104.7438   106.604   52.0109  108.8774   89.7942   82.8574  102.1951
  weight sum          4825      1495      2347       430      1206      2251      2912     11610       980       453       697      1246
  precision         0.1457    0.1457    0.1457    0.1457    0.1457    0.1457    0.1457    0.1457    0.1457    0.1457    0.1457    0.1457

1RawPitch
  mean            204.9722  112.5458  186.7023  109.9149  166.6698  172.5426   67.6665   11.6292  150.0446  191.2433  221.3767  163.2624
  std. dev.       113.3158  108.6812   93.4491  102.8897   81.1132  110.6448  100.0083   46.5608   114.114   96.8178   91.1707    111.26
  weight sum          4825      1495      2347       430      1206      2251      2912     11610       980       453       697      1246
  precision         0.1486    0.1486    0.1486    0.1486    0.1486    0.1486    0.1486    0.1486    0.1486    0.1486    0.1486    0.1486

1SmPitch
  mean            213.2402   125.785  189.6338   124.407  171.4037  176.5059   79.3932   12.7059  158.6198  196.0253  229.7721  173.7136
  std. dev.       109.3851  112.2615   88.7774   103.769   78.1033   106.636  104.4918   48.0568  112.4568   90.7394   83.4441  104.1861
  weight sum          4825      1495      2347       430      1206      2251      2912     11610       980       453       697      1246
  precision         0.1475    0.1475    0.1475    0.1475    0.1475    0.1475    0.1475    0.1475    0.1475    0.1475    0.1475    0.1475

1Melogram(st)
  mean              51.533   34.0249   50.8127   38.4205   48.9436   46.6912   23.2972    4.2916    42.399   51.7323   54.8522   46.3742
  std. dev.        16.5965    26.633   14.8245   24.4262   15.5254   20.3122   27.0944   14.7022   23.6994   13.6209   12.6632   20.7876
  weight sum          4825      1495      2347       430      1206      2251      2912     11610       980       453       697      1246
  precision         0.0271    0.0271    0.0271    0.0271    0.0271    0.0271    0.0271    0.0271    0.0271    0.0271    0.0271    0.0271

1ZCross
  mean              6.9593    2.9949    4.8852    1.9001    3.5568    3.9781    2.7735    0.1869    2.4041    3.6047    3.8114    3.1317
  std. dev.         4.5717    3.5547    3.1792    2.0075    3.1167    2.8849    5.2227     0.942    2.0753    2.1402    2.7838    4.9422
  weight sum          4825      1495      2347       430      1206      2251      2912     11610       980       453       697      1246
  precision         1.1739    1.1739    1.1739    1.1739    1.1739    1.1739    1.1739    1.1739    1.1739    1.1739    1.1739    1.1739

1F1(Hz)
  mean            682.1071  338.0269   466.462  391.2913  366.1781  486.7294  255.3971   46.8603  381.3506  503.7105  499.9719  432.0277
  std. dev.       268.0102  271.8139  141.9729  276.1702  138.5016  223.3891  290.5344  156.9386   233.551  170.1733  304.4022  199.9502
  weight sum          4825      1495      2347       430      1206      2251      2912     11610       980       453       697      1246
  precision         0.3628    0.3628    0.3628    0.3628    0.3628    0.3628    0.3628    0.3628    0.3628    0.3628    0.3628    0.3628

1F2(Hz)
  mean           1448.2374 1139.7769 1796.4609 1193.1191 2002.2125  1145.619  783.6108  145.6601 1332.6509 1445.2293 1063.4579 1469.5062
  std. dev.       448.6029  866.5606  511.4411  771.0706  633.8216   528.768  859.5135  482.7008  730.2324    391.85  420.6329  614.4609
  weight sum          4825      1495      2347       430      1206      2251      2912     11610       980       453       697      1246
  precision         0.4452    0.4452    0.4452    0.4452    0.4452    0.4452    0.4452    0.4452    0.4452    0.4452    0.4452    0.4452

1F3(Hz)
  mean           2665.0519 1894.4352 2636.0758 2027.9477 2693.6179  2513.778 1343.1362  249.3791 2248.6819 2791.4444 2692.0225 2533.9315
  std. dev.       801.5039 1417.7185  763.9923 1301.1049  876.6153 1011.4708 1461.9806  812.0795 1174.9913  665.7853   759.659  992.8328
  weight sum          4825      1495      2347       430      1206      2251      2912     11610       980       453       697      1246
  precision         0.6587    0.6587    0.6587    0.6587    0.6587    0.6587    0.6587    0.6587    0.6587    0.6587    0.6587    0.6587

1F4(Hz)
  mean            3089.112    2167.4 3175.4825 2421.4135 3200.0296 2890.9482 1542.3552  300.6559 2697.4569 3246.0224 3085.5469 2910.8191
  std. dev.       915.0775 1608.5329  884.6328 1516.9857  997.3182 1145.4649 1668.0224  976.8757 1376.7352  750.8035  770.8999 1142.9278
  weight sum          4825      1495      2347       430      1206      2251      2912     11610       980       453       697      1246
  precision         0.6801    0.6801    0.6801    0.6801    0.6801    0.6801    0.6801    0.6801    0.6801    0.6801    0.6801    0.6801





=== Stratified cross-validation ===

Correctly Classified Instances       16016               52.5942 %
Incorrectly Classified Instances     14436               47.4058 %
Kappa statistic                          0.405 
K&B Relative Info Score            1174384.8105 %
K&B Information Score                33901.1434 bits      1.1133 bits/instance
Class complexity | order 0           87888.3762 bits      2.8861 bits/instance
Class complexity | scheme           360499.3138 bits     11.8383 bits/instance
Complexity improvement     (Sf)    -272610.9375 bits     -8.9522 bits/instance
Mean absolute error                      0.0818
Root mean squared error                  0.2454
Relative absolute error                 61.2367 %
Root relative squared error             94.9707 %
Coverage of cases (0.95 level)          65.3061 %
Mean rel. region size (0.95 level)      18.7443 %
Total Number of Instances            30452     


=== Detailed Accuracy By Class ===

                 TP Rate  FP Rate  Precision  Recall   F-Measure  MCC      ROC Area  PRC Area  Class
                 0,518    0,049    0,664      0,518    0,582      0,520    0,881     0,619     A
                 0,021    0,008    0,120      0,021    0,035      0,030    0,692     0,086     LGJKC
                 0,610    0,101    0,336      0,610    0,433      0,391    0,861     0,395     E
                 0,049    0,016    0,041      0,049    0,045      0,030    0,740     0,031     FV
                 0,367    0,042    0,263      0,367    0,306      0,277    0,861     0,284     I
                 0,012    0,004    0,182      0,012    0,022      0,028    0,777     0,188     O
                 0,194    0,034    0,378      0,194    0,257      0,218    0,781     0,292     SNRTY
                 0,903    0,130    0,811      0,903    0,854      0,760    0,957     0,953     0
                 0,009    0,007    0,042      0,009    0,015      0,005    0,727     0,059     BMP
                 0,470    0,135    0,050      0,470    0,090      0,117    0,815     0,048     DZ
                 0,402    0,015    0,378      0,402    0,390      0,375    0,870     0,360     U
                 0,012    0,006    0,076      0,012    0,021      0,014    0,730     0,073     SNRTXY
Weighted Avg.    0,526    0,074    0,521      0,526    0,504      0,449    0,867     0,563     


=== Confusion Matrix ===

     a     b     c     d     e     f     g     h     i     j     k     l   <-- classified as
  2499    52   692    80   111    29   114   238    20   923    51    16 |     a = A
    97    31   278    32   140    18   177   369    24   275    25    29 |     b = LGJKC
   257    30  1431    25   143     9    71    89    28   240    17     7 |     c = E
    34     4    52    21    51     2    40    91     3   125     1     6 |     d = FV
    64    25   490    20   442     0    56    57    21    30     1     0 |     e = I
   306    21   514    60    30    26    75   236    15   716   230    22 |     f = O
   138    45   167   109   179    21   565  1094    49   466    19    60 |     g = SNRTY
    39    23   163    91   189    28   186 10484    23   329    29    26 |     h = 0
    73    11   155    20   164     5    72   159     9   253    49    10 |     i = BMP
    62     0    92     3    39     0     8    16     4   213     9     7 |     j = DZ
    81    13    75     8    35     2    22    10    15   156   280     0 |     k = U
   113     3   152    38   158     3   107    87     5   536    29    15 |     l = SNRTXY

=== Percent Confusion Matrix ===
a	b	c	d	e	f	g	h	i	j	k	l	
51.79	1.08	14.34	1.66	2.3	0.6	2.36	4.93	0.41	19.13	1.06	0.33	 a = A
6.49	2.07	18.6	2.14	9.36	1.2	11.84	24.68	1.61	18.39	1.67	1.94	 b = LGJKC
10.95	1.28	60.97	1.07	6.09	0.38	3.03	3.79	1.19	10.23	0.72	0.3	 c = E
7.91	0.93	12.09	4.88	11.86	0.47	9.3	21.16	0.7	29.07	0.23	1.4	 d = FV
5.31	2.07	40.63	1.66	36.65	0.0	4.64	4.73	1.74	2.49	0.08	0.0	 e = I
13.59	0.93	22.83	2.67	1.33	1.16	3.33	10.48	0.67	31.81	10.22	0.98	 f = O
4.74	1.55	5.73	3.74	6.15	0.72	19.4	37.57	1.68	16.0	0.65	2.06	 g = SNRTY
0.34	0.2	1.4	0.78	1.63	0.24	1.6	90.3	0.2	2.83	0.25	0.22	 h = 0
7.45	1.12	15.82	2.04	16.73	0.51	7.35	16.22	0.92	25.82	5.0	1.02	 i = BMP
13.69	0.0	20.31	0.66	8.61	0.0	1.77	3.53	0.88	47.02	1.99	1.55	 j = DZ
11.62	1.87	10.76	1.15	5.02	0.29	3.16	1.43	2.15	22.38	40.17	0.0	 k = U
9.07	0.24	12.2	3.05	12.68	0.24	8.59	6.98	0.4	43.02	2.33	1.2	 l = SNRTXY
