Timestamp:2014-12-07-10:59:47
Inventario:I2
Intervalo:6ms
Ngramas:1
Clasificador:NaiveBayes
Relation Name:  I2-6ms-1gramas
Num Instances:  30453
Num Attributes: 11

     Name                      Type  Nom  Int Real     Missing      Unique  Dist
   1 0Int(dB)                   Num   0%  10%  90%     0 /  0%     3 /  0%   777 
   2 0Pitch(Hz)                 Num   0%  51%  49%     0 /  0%   750 /  2%  3423 
   3 0RawPitch                  Num   0%  55%  45%     0 /  0%   699 /  2%  3337 
   4 0SmPitch                   Num   0%  53%  47%     0 /  0%   748 /  2%  3382 
   5 0Melogram(st)              Num   0%  48%  52%     0 /  0%   413 /  1%  3048 
   6 0ZCross                    Num   0% 100%   0%     0 /  0%     8 /  0%    47 
   7 0F1(Hz)                    Num   0%  52%  48%     0 /  0%  1130 /  4%  4802 
   8 0F2(Hz)                    Num   0%  51%  49%     0 /  0%  2251 /  7%  6691 
   9 0F3(Hz)                    Num   0%  52%  48%     0 /  0%  1969 /  6%  6255 
  10 0F4(Hz)                    Num   0%  52%  48%     0 /  0%  1938 /  6%  6099 
  11 class                      Nom 100%   0%   0%     0 /  0%     0 /  0%    12 


Naive Bayes Classifier

                    Class
Attribute               A     LGJKC         E        FV         I         O     SNRTY         0       BMP        DZ         U    SNRTXY
                   (0.16)    (0.05)    (0.08)    (0.01)    (0.04)    (0.07)     (0.1)    (0.38)    (0.03)    (0.01)    (0.02)    (0.04)
========================================================================================================================================
0Int(dB)
  mean             -4.3746  -15.1801   -5.3083  -14.9621   -8.8383   -8.2927  -19.7992  -49.0429  -12.3369   -8.2512   -5.2124   -10.604
  std. dev.         9.6808   10.9367    8.1563    8.8347    8.4087   12.1905    9.4462   15.4132    10.602    6.8533    7.6533    8.3777
  weight sum          4825      1495      2347       430      1206      2251      2912     11611       980       453       697      1246
  precision         0.1027    0.1027    0.1027    0.1027    0.1027    0.1027    0.1027    0.1027    0.1027    0.1027    0.1027    0.1027

0Pitch(Hz)
  mean            215.2971  135.4825  191.0581  133.3692  173.8339  178.5747    86.664   14.1299  163.7124  196.5351  230.7901  177.0522
  std. dev.       107.7031  110.3961   87.4612  106.8281   75.6506  104.7438   106.604   52.0089  108.8774   89.7942   82.8574  102.1951
  weight sum          4825      1495      2347       430      1206      2251      2912     11611       980       453       697      1246
  precision         0.1457    0.1457    0.1457    0.1457    0.1457    0.1457    0.1457    0.1457    0.1457    0.1457    0.1457    0.1457

0RawPitch
  mean            204.9722  112.5458  186.7023  109.9149  166.6698  172.5426   67.6665   11.6282  150.0446  191.2433  221.3767  163.2624
  std. dev.       113.3158  108.6812   93.4491  102.8897   81.1132  110.6448  100.0083    46.559   114.114   96.8178   91.1707    111.26
  weight sum          4825      1495      2347       430      1206      2251      2912     11611       980       453       697      1246
  precision         0.1486    0.1486    0.1486    0.1486    0.1486    0.1486    0.1486    0.1486    0.1486    0.1486    0.1486    0.1486

0SmPitch
  mean            213.2402   125.785  189.6338   124.407  171.4037  176.5059   79.3932   12.7048  158.6198  196.0253  229.7721  173.7136
  std. dev.       109.3851  112.2615   88.7774   103.769   78.1033   106.636  104.4918   48.0549  112.4568   90.7394   83.4441  104.1861
  weight sum          4825      1495      2347       430      1206      2251      2912     11611       980       453       697      1246
  precision         0.1475    0.1475    0.1475    0.1475    0.1475    0.1475    0.1475    0.1475    0.1475    0.1475    0.1475    0.1475

0Melogram(st)
  mean              51.533   34.0249   50.8127   38.4205   48.9436   46.6912   23.2972    4.2912    42.399   51.7323   54.8522   46.3742
  std. dev.        16.5965    26.633   14.8245   24.4262   15.5254   20.3122   27.0944   14.7017   23.6994   13.6209   12.6632   20.7876
  weight sum          4825      1495      2347       430      1206      2251      2912     11611       980       453       697      1246
  precision         0.0271    0.0271    0.0271    0.0271    0.0271    0.0271    0.0271    0.0271    0.0271    0.0271    0.0271    0.0271

0ZCross
  mean              6.9593    2.9949    4.8852    1.9001    3.5568    3.9781    2.7735    0.1868    2.4041    3.6047    3.8114    3.1317
  std. dev.         4.5717    3.5547    3.1792    2.0075    3.1167    2.8849    5.2227     0.942    2.0753    2.1402    2.7838    4.9422
  weight sum          4825      1495      2347       430      1206      2251      2912     11611       980       453       697      1246
  precision         1.1739    1.1739    1.1739    1.1739    1.1739    1.1739    1.1739    1.1739    1.1739    1.1739    1.1739    1.1739

0F1(Hz)
  mean            682.1071  338.0269   466.462  391.2913  366.1781  486.7294  255.3971   46.8563  381.3506  503.7105  499.9719  432.0277
  std. dev.       268.0102  271.8139  141.9729  276.1702  138.5016  223.3891  290.5344  156.9324   233.551  170.1733  304.4022  199.9502
  weight sum          4825      1495      2347       430      1206      2251      2912     11611       980       453       697      1246
  precision         0.3628    0.3628    0.3628    0.3628    0.3628    0.3628    0.3628    0.3628    0.3628    0.3628    0.3628    0.3628

0F2(Hz)
  mean           1448.2374 1139.7769 1796.4609 1193.1191 2002.2125  1145.619  783.6108  145.6475 1332.6509 1445.2293 1063.4579 1469.5062
  std. dev.       448.6029  866.5606  511.4411  771.0706  633.8216   528.768  859.5135  482.6819  730.2324    391.85  420.6329  614.4609
  weight sum          4825      1495      2347       430      1206      2251      2912     11611       980       453       697      1246
  precision         0.4452    0.4452    0.4452    0.4452    0.4452    0.4452    0.4452    0.4452    0.4452    0.4452    0.4452    0.4452

0F3(Hz)
  mean           2665.0519 1894.4352 2636.0758 2027.9477 2693.6179  2513.778 1343.1362  249.3576 2248.6819 2791.4444 2692.0225 2533.9315
  std. dev.       801.5039 1417.7185  763.9923 1301.1049  876.6153 1011.4708 1461.9806  812.0478 1174.9913  665.7853   759.659  992.8328
  weight sum          4825      1495      2347       430      1206      2251      2912     11611       980       453       697      1246
  precision         0.6587    0.6587    0.6587    0.6587    0.6587    0.6587    0.6587    0.6587    0.6587    0.6587    0.6587    0.6587

0F4(Hz)
  mean            3089.112    2167.4 3175.4825 2421.4135 3200.0296 2890.9482 1542.3552    300.63 2697.4569 3246.0224 3085.5469 2910.8191
  std. dev.       915.0775 1608.5329  884.6328 1516.9857  997.3182 1145.4649 1668.0224  976.8376 1376.7352  750.8035  770.8999 1142.9278
  weight sum          4825      1495      2347       430      1206      2251      2912     11611       980       453       697      1246
  precision         0.6801    0.6801    0.6801    0.6801    0.6801    0.6801    0.6801    0.6801    0.6801    0.6801    0.6801    0.6801





=== Stratified cross-validation ===

Correctly Classified Instances       16635               54.6252 %
Incorrectly Classified Instances     13818               45.3748 %
Kappa statistic                          0.4193
K&B Relative Info Score            1202994.417  %
K&B Information Score                34725.9581 bits      1.1403 bits/instance
Class complexity | order 0           87889.7675 bits      2.8861 bits/instance
Class complexity | scheme           201634.3407 bits      6.6212 bits/instance
Complexity improvement     (Sf)    -113744.5732 bits     -3.7351 bits/instance
Mean absolute error                      0.0827
Root mean squared error                  0.2326
Relative absolute error                 61.9177 %
Root relative squared error             89.9941 %
Coverage of cases (0.95 level)          73.9829 %
Mean rel. region size (0.95 level)      27.6087 %
Total Number of Instances            30453     


=== Detailed Accuracy By Class ===

                 TP Rate  FP Rate  Precision  Recall   F-Measure  MCC      ROC Area  PRC Area  Class
                 0,630    0,077    0,605      0,630    0,617      0,544    0,884     0,620     A
                 0,022    0,008    0,131      0,022    0,038      0,035    0,692     0,087     LGJKC
                 0,718    0,206    0,226      0,718    0,343      0,318    0,866     0,394     E
                 0,000    0,000    0,000      0,000    0,000      -0,002   0,737     0,030     FV
                 0,297    0,036    0,253      0,297    0,273      0,242    0,871     0,328     I
                 0,057    0,011    0,287      0,057    0,096      0,100    0,779     0,199     O
                 0,193    0,034    0,374      0,193    0,254      0,216    0,777     0,284     SNRTY
                 0,908    0,138    0,802      0,908    0,852      0,755    0,958     0,954     0
                 0,007    0,003    0,067      0,007    0,013      0,011    0,728     0,059     BMP
                 0,049    0,012    0,057      0,049    0,052      0,039    0,808     0,048     DZ
                 0,362    0,011    0,442      0,362    0,398      0,387    0,874     0,357     U
                 0,006    0,004    0,053      0,006    0,010      0,004    0,739     0,076     SNRTXY
Weighted Avg.    0,546    0,087    0,508      0,546    0,504      0,448    0,868     0,566     


=== Confusion Matrix ===

     a     b     c     d     e     f     g     h     i     j     k     l   <-- classified as
  3038    44  1106     5    83    56   117   255     6    90    10    15 |     a = A
   145    33   579     0   105    29   170   384    14     8    12    16 |     b = LGJKC
   326    32  1685     1   113     3    67    92    10     1     6    11 |     c = E
    40     2   161     0    49    17    43    99     2    12     3     2 |     d = FV
    73    24   630     0   358     0    55    59     3     1     0     3 |     e = I
   466    20   988     0    31   129    94   243     4    91   171    14 |     f = O
   249    49   510     1   173    70   561  1175    27    53    13    31 |     g = SNRTY
   166    23   358     2   160    68   195 10543    16    43    15    22 |     h = 0
   107    11   383     2   138    18    59   169     7    29    52     5 |     i = BMP
    89     0   263     0    31     9     9    17     2    22     4     7 |     j = DZ
   126     9   204     0    33    23    20    10     5    15   252     0 |     k = U
   193     5   598     0   141    28   108   102     9    23    32     7 |     l = SNRTXY

=== Percent Confusion Matrix ===
a	b	c	d	e	f	g	h	i	j	k	l	
62.96	0.91	22.92	0.1	1.72	1.16	2.42	5.28	0.12	1.87	0.21	0.31	 a = A
9.7	2.21	38.73	0.0	7.02	1.94	11.37	25.69	0.94	0.54	0.8	1.07	 b = LGJKC
13.89	1.36	71.79	0.04	4.81	0.13	2.85	3.92	0.43	0.04	0.26	0.47	 c = E
9.3	0.47	37.44	0.0	11.4	3.95	10.0	23.02	0.47	2.79	0.7	0.47	 d = FV
6.05	1.99	52.24	0.0	29.68	0.0	4.56	4.89	0.25	0.08	0.0	0.25	 e = I
20.7	0.89	43.89	0.0	1.38	5.73	4.18	10.8	0.18	4.04	7.6	0.62	 f = O
8.55	1.68	17.51	0.03	5.94	2.4	19.27	40.35	0.93	1.82	0.45	1.06	 g = SNRTY
1.43	0.2	3.08	0.02	1.38	0.59	1.68	90.8	0.14	0.37	0.13	0.19	 h = 0
10.92	1.12	39.08	0.2	14.08	1.84	6.02	17.24	0.71	2.96	5.31	0.51	 i = BMP
19.65	0.0	58.06	0.0	6.84	1.99	1.99	3.75	0.44	4.86	0.88	1.55	 j = DZ
18.08	1.29	29.27	0.0	4.73	3.3	2.87	1.43	0.72	2.15	36.15	0.0	 k = U
15.49	0.4	47.99	0.0	11.32	2.25	8.67	8.19	0.72	1.85	2.57	0.56	 l = SNRTXY
