Timestamp:2014-12-07-11:01:34
Inventario:I3
Intervalo:1ms
Ngramas:1
Clasificador:NaiveBayes
Relation Name:  I3-1ms-1gramas
Num Instances:  183404
Num Attributes: 11

     Name                      Type  Nom  Int Real     Missing      Unique  Dist
   1 0Int(dB)                   Num   0%   9%  91%     0 /  0%     3 /  0%   781 
   2 0Pitch(Hz)                 Num   0%  51%  49%     0 /  0%   256 /  0%  4213 
   3 0RawPitch                  Num   0%  55%  45%     0 /  0%   417 /  0%  4119 
   4 0SmPitch                   Num   0%  53%  47%     0 /  0%   263 /  0%  4193 
   5 0Melogram(st)              Num   0%  49%  51%     0 /  0%   133 /  0%  3454 
   6 0ZCross                    Num   0% 100%   0%     0 /  0%     4 /  0%    58 
   7 0F1(Hz)                    Num   0%  52%  48%     0 /  0%  1154 /  1%  4824 
   8 0F2(Hz)                    Num   0%  52%  48%     0 /  0%  2223 /  1%  6697 
   9 0F3(Hz)                    Num   0%  53%  47%     0 /  0%  1930 /  1%  6200 
  10 0F4(Hz)                    Num   0%  52%  48%     0 /  0%  1933 /  1%  6096 
  11 class                      Nom 100%   0%   0%     0 /  0%     0 /  0%    11 


Naive Bayes Classifier

                    Class
Attribute               A         E CGJLNQSRT        FV         I         O         0       BMP         U        DZ         D
                   (0.16)    (0.07)    (0.18)    (0.01)    (0.04)    (0.07)    (0.39)    (0.03)    (0.02)       (0)    (0.01)
==============================================================================================================================
0Int(dB)
  mean              -4.254   -5.1788  -16.4317  -15.0107    -8.647   -8.1757   -48.118  -12.2049   -5.0188  -26.8422   -7.6697
  std. dev.         9.6114    8.0296   10.2711     8.868    8.3528   12.2243   16.2751   10.5691    7.4803    1.9264    6.1925
  weight sum         28557     13740     33479      2561      7083     13234     72117      5814      4137        65      2617
  precision         0.1037    0.1037    0.1037    0.1037    0.1037    0.1037    0.1037    0.1037    0.1037    0.1037    0.1037

0Pitch(Hz)
  mean            215.1081  190.4015  115.2141  129.6994  173.2101  177.8211   16.7875  159.9332  229.5826         0  202.1811
  std. dev.       108.7696   87.7758  113.4474  107.2959   76.2773  105.3227   56.4047  110.8047   83.7347    0.0197    84.529
  weight sum         28557     13740     33479      2561      7083     13234     72117      5814      4137        65      2617
  precision         0.1184    0.1184    0.1184    0.1184    0.1184    0.1184    0.1184    0.1184    0.1184    0.1184    0.1184

0RawPitch
  mean            204.7122  185.6605   96.1419    104.69  165.7379  172.1393   13.7653  148.2899  220.7885         0  195.1733
  std. dev.       115.5921   95.6276  112.6457  103.2429   83.9735  113.0491   51.2108  116.3341   92.5273    0.0202   95.4762
  weight sum         28557     13740     33479      2561      7083     13234     72117      5814      4137        65      2617
  precision         0.1214    0.1214    0.1214    0.1214    0.1214    0.1214    0.1214    0.1214    0.1214    0.1214    0.1214

0SmPitch
  mean            213.2106  189.0092  108.3721  119.5928  170.7795  175.6214   15.1791  155.3207  229.0387         0  201.6147
  std. dev.       110.2529   88.9353  113.4533  104.4955    78.963  107.5646   52.6857  113.4664   84.1352    0.0198     85.61
  weight sum         28557     13740     33479      2561      7083     13234     72117      5814      4137        65      2617
  precision          0.119     0.119     0.119     0.119     0.119     0.119     0.119     0.119     0.119     0.119     0.119

0Melogram(st)
  mean             51.2091   50.4242   29.9724   36.4608   48.5268   46.3993    4.9362    41.496   54.2789         0   53.0658
  std. dev.        17.1327   15.4261   27.4735   25.2383   16.1496   20.5969   15.6357   24.2847   13.7888     0.004   11.1774
  weight sum         28557     13740     33479      2561      7083     13234     72117      5814      4137        65      2617
  precision         0.0239    0.0239    0.0239    0.0239    0.0239    0.0239    0.0239    0.0239    0.0239    0.0239    0.0239

0ZCross
  mean              7.3004    5.2275    3.0701    2.0522    3.7468    4.3624    0.2613    2.5306    4.0827         0    4.1262
  std. dev.         4.7448     3.329     4.989    2.2158    3.3104    3.0942     1.158    2.2366    2.9766    0.1696    2.2672
  weight sum         28557     13740     33479      2561      7083     13234     72117      5814      4137        65      2617
  precision         1.0175    1.0175    1.0175    1.0175    1.0175    1.0175    1.0175    1.0175    1.0175    1.0175    1.0175

0F1(Hz)
  mean            683.5492   466.604  302.5519  376.1761  363.6076   485.985   54.1437  370.5749  501.0702         0  518.0523
  std. dev.       270.1486  142.2478  277.3582  278.4193  141.3453  225.6523  166.9989   236.559  305.5336    0.0602   153.457
  weight sum         28557     13740     33479      2561      7083     13234     72117      5814      4137        65      2617
  precision         0.3611    0.3611    0.3611    0.3611    0.3611    0.3611    0.3611    0.3611    0.3611    0.3611    0.3611

0F2(Hz)
  mean           1443.5164 1799.2434    988.19 1156.6522 1992.3968  1138.609  169.6309 1303.9361 1060.1575         0 1484.1145
  std. dev.       451.7609  511.5475  864.9445  785.3266  653.6523   531.629  518.0327  748.5317  414.9703    0.0741  324.8835
  weight sum         28557     13740     33479      2561      7083     13234     72117      5814      4137        65      2617
  precision         0.4448    0.4448    0.4448    0.4448    0.4448    0.4448    0.4448    0.4448    0.4448    0.4448    0.4448

0F3(Hz)
  mean           2658.1212 2635.6414 1683.7716 1966.8613 2676.2267 2503.6829  289.1552 2195.7732 2694.2989         0 2867.2678
  std. dev.       809.8058   764.297 1452.6604 1324.7402   902.456 1021.0061  868.2099 1205.5074   752.613    0.1108   513.436
  weight sum         28557     13740     33479      2561      7083     13234     72117      5814      4137        65      2617
  precision         0.6646    0.6646    0.6646    0.6646    0.6646    0.6646    0.6646    0.6646    0.6646    0.6646    0.6646

0F4(Hz)
  mean           3082.4058 3173.7603 1930.7032 2355.3511 3178.8998 2879.5448  347.6649 2641.4866 3088.1777         0 3319.2569
  std. dev.       925.1344  884.9534 1657.1479 1550.8738 1028.8621 1156.4562 1041.4648 1418.3454  760.6201    0.1134   561.953
  weight sum         28557     13740     33479      2561      7083     13234     72117      5814      4137        65      2617
  precision         0.6804    0.6804    0.6804    0.6804    0.6804    0.6804    0.6804    0.6804    0.6804    0.6804    0.6804





=== Stratified cross-validation ===

Correctly Classified Instances       74477               40.6082 %
Incorrectly Classified Instances    108927               59.3918 %
Kappa statistic                          0.3099
K&B Relative Info Score            5527722.6057 %
K&B Information Score               143123.7712 bits      0.7804 bits/instance
Class complexity | order 0          474846.2629 bits      2.5891 bits/instance
Class complexity | scheme          3100197.3495 bits     16.9037 bits/instance
Complexity improvement     (Sf)    -2625351.0866 bits    -14.3146 bits/instance
Mean absolute error                      0.1147
Root mean squared error                  0.2919
Relative absolute error                 81.5417 %
Root relative squared error            110.0547 %
Coverage of cases (0.95 level)          58.7926 %
Mean rel. region size (0.95 level)      26.207  %
Total Number of Instances           183404     


=== Detailed Accuracy By Class ===

                 TP Rate  FP Rate  Precision  Recall   F-Measure  MCC      ROC Area  PRC Area  Class
                 0,569    0,068    0,606      0,569    0,587      0,514    0,867     0,601     A
                 0,673    0,136    0,287      0,673    0,402      0,372    0,859     0,388     E
                 0,188    0,045    0,486      0,188    0,272      0,217    0,617     0,368     CGJLNQSRT
                 0,000    0,000    0,000      0,000    0,000      0,000    0,621     0,026     FV
                 0,250    0,028    0,264      0,250    0,257      0,228    0,856     0,307     I
                 0,042    0,007    0,327      0,042    0,074      0,095    0,749     0,186     O
                 0,526    0,021    0,941      0,526    0,675      0,596    0,891     0,878     0
                 0,001    0,000    0,118      0,001    0,002      0,008    0,666     0,055     BMP
                 0,323    0,007    0,532      0,323    0,402      0,404    0,876     0,377     U
                 1,000    0,222    0,002      1,000    0,003      0,035    0,948     0,003     DZ
                 0,373    0,101    0,051      0,373    0,089      0,105    0,823     0,048     D
Weighted Avg.    0,406    0,041    0,625      0,406    0,462      0,408    0,811     0,572     


=== Confusion Matrix ===

     a     b     c     d     e     f     g     h     i     j     k   <-- classified as
 16248  3888  1350     0   329   186   270     1    12  1302  4971 |     a = A
  1819  9250   756     0   531    22    51     4     4   497   806 |     b = E
  2843  5810  6307     0  1864   447  1774    25   136  8907  5366 |     c = CGJLNQSRT
   206   570   307     0   235    61    35     0     0   632   515 |     d = FV
   402  3883   529     0  1771     0    63     2     0   336    97 |     e = I
  2626  3888   905     0   110   554    40     0   802  1427  2882 |     f = O
   894  1823  1905     0   938   252 37966    12    61 26518  1748 |     g = 0
   534  1595   528     0   681    63   104     6   158   985  1160 |     h = BMP
   774   710   247     0   127    92    28     0  1335    49   775 |     i = U
     0     0     0     0     0     0     0     0     0    65     0 |     j = DZ
   450   861   147     0   128    16    17     1     2    20   975 |     k = D

=== Percent Confusion Matrix ===
a	b	c	d	e	f	g	h	i	j	k	
56.9	13.61	4.73	0.0	1.15	0.65	0.95	0.0	0.04	4.56	17.41	 a = A
13.24	67.32	5.5	0.0	3.86	0.16	0.37	0.03	0.03	3.62	5.87	 b = E
8.49	17.35	18.84	0.0	5.57	1.34	5.3	0.07	0.41	26.6	16.03	 c = CGJLNQSRT
8.04	22.26	11.99	0.0	9.18	2.38	1.37	0.0	0.0	24.68	20.11	 d = FV
5.68	54.82	7.47	0.0	25.0	0.0	0.89	0.03	0.0	4.74	1.37	 e = I
19.84	29.38	6.84	0.0	0.83	4.19	0.3	0.0	6.06	10.78	21.78	 f = O
1.24	2.53	2.64	0.0	1.3	0.35	52.65	0.02	0.08	36.77	2.42	 g = 0
9.18	27.43	9.08	0.0	11.71	1.08	1.79	0.1	2.72	16.94	19.95	 h = BMP
18.71	17.16	5.97	0.0	3.07	2.22	0.68	0.0	32.27	1.18	18.73	 i = U
0.0	0.0	0.0	0.0	0.0	0.0	0.0	0.0	0.0	100.0	0.0	 j = DZ
17.2	32.9	5.62	0.0	4.89	0.61	0.65	0.04	0.08	0.76	37.26	 k = D
