Timestamp:2014-12-07-11:09:57
Inventario:I3
Intervalo:10ms
Ngramas:1
Clasificador:NaiveBayes
Relation Name:  I3-10ms-1gramas
Num Instances:  18296
Num Attributes: 11

     Name                      Type  Nom  Int Real     Missing      Unique  Dist
   1 0Int(dB)                   Num   0%  10%  90%     0 /  0%     7 /  0%   772 
   2 0Pitch(Hz)                 Num   0%  51%  49%     0 /  0%   817 /  4%  3064 
   3 0RawPitch                  Num   0%  54%  46%     0 /  0%   854 /  5%  2956 
   4 0SmPitch                   Num   0%  52%  48%     0 /  0%   828 /  5%  3025 
   5 0Melogram(st)              Num   0%  47%  53%     0 /  0%   582 /  3%  2808 
   6 0ZCross                    Num   0% 100%   0%     0 /  0%    10 /  0%    42 
   7 0F1(Hz)                    Num   0%  51%  49%     0 /  0%  2131 / 12%  4724 
   8 0F2(Hz)                    Num   0%  51%  49%     0 /  0%  4210 / 23%  6615 
   9 0F3(Hz)                    Num   0%  51%  49%     0 /  0%  3688 / 20%  6145 
  10 0F4(Hz)                    Num   0%  51%  49%     0 /  0%  3689 / 20%  6054 
  11 class                      Nom 100%   0%   0%     0 /  0%     0 /  0%    11 


Naive Bayes Classifier

                    Class
Attribute               A         E CGJLNQSRT        FV         I         O         0       BMP         U        DZ         D
                   (0.16)    (0.08)    (0.19)    (0.01)    (0.04)    (0.08)    (0.37)    (0.03)    (0.02)       (0)    (0.01)
==============================================================================================================================
0Int(dB)
  mean             -4.4871   -5.4216  -16.5098  -14.8768   -9.1229   -8.3525  -49.8193  -12.4295   -5.5461  -28.0322   -7.8401
  std. dev.         9.7495    8.2134   10.3424    8.5952    8.6417   12.1594   14.6142   10.5978    7.9501    3.0174    6.1435
  weight sum          2940      1438      3443       261       748      1377      6798       594       423         8       266
  precision         0.1005    0.1005    0.1005    0.1005    0.1005    0.1005    0.1005    0.1005    0.1005    0.1005    0.1005

0Pitch(Hz)
  mean            215.0265  190.3918  123.3327  138.4937  173.2212  179.1301   11.8101  166.0775  230.9859         0  201.0018
  std. dev.       106.7631   87.4257  112.7931  106.1938   75.5653   103.979   47.8952  107.8218   83.0165    0.0271   84.8129
  weight sum          2940      1438      3443       261       748      1377      6798       594       423         8       266
  precision         0.1626    0.1626    0.1626    0.1626    0.1626    0.1626    0.1626    0.1626    0.1626    0.1626    0.1626

0RawPitch
  mean            204.5729  186.9416  104.8015  114.3432  164.8509  172.8881    9.4583  152.1597  221.8351         0  195.4717
  std. dev.       112.2304   92.1579  111.9064  102.4081   80.9322  110.0663   41.8694   112.921   90.5835     0.028   93.1794
  weight sum          2940      1438      3443       261       748      1377      6798       594       423         8       266
  precision         0.1679    0.1679    0.1679    0.1679    0.1679    0.1679    0.1679    0.1679    0.1679    0.1679    0.1679

0SmPitch
  mean            213.0261  188.8901  117.1704  131.3637   170.918  177.1958    10.221   161.354  230.1655         0  200.6341
  std. dev.       108.3889   88.8533  113.2926  103.6517   77.6434  105.5718   43.0507   110.475   83.5323    0.0274   85.6348
  weight sum          2940      1438      3443       261       748      1377      6798       594       423         8       266
  precision         0.1647    0.1647    0.1647    0.1647    0.1647    0.1647    0.1647    0.1647    0.1647    0.1647    0.1647

0Melogram(st)
  mean             51.7443    50.757    32.661   39.8199   48.7629   46.9889    3.6592   43.3262   54.7081         0   53.0359
  std. dev.        16.1385   14.7786   27.1072   23.9008   15.7624   20.0024   13.7149   23.0622      13.2    0.0049   10.7827
  weight sum          2940      1438      3443       261       748      1377      6798       594       423         8       266
  precision         0.0294    0.0294    0.0294    0.0294    0.0294    0.0294    0.0294    0.0294    0.0294    0.0294    0.0294

0ZCross
  mean              6.8081    4.8831    2.8441     1.892    3.3285    4.0329    0.1407    2.2589     3.713         0    3.7468
  std. dev.         4.5857    3.1607    4.6239    1.9842    3.1155    2.9611    0.7913    2.0707    2.8728    0.2154    2.1448
  weight sum          2940      1438      3443       261       748      1377      6798       594       423         8       266
  precision         1.2927    1.2927    1.2927    1.2927    1.2927    1.2927    1.2927    1.2927    1.2927    1.2927    1.2927

0F1(Hz)
  mean            684.8624  467.7497  325.1328  399.7197  366.3373  488.3137   40.0583  383.8168  499.4556         0  516.3637
  std. dev.       260.7635  137.6849  277.0697  273.4014  136.8258  220.1308  146.5136  232.2972   302.477    0.0615   149.061
  weight sum          2940      1438      3443       261       748      1377      6798       594       423         8       266
  precision         0.3688    0.3688    0.3688    0.3688    0.3688    0.3688    0.3688    0.3688    0.3688    0.3688    0.3688

0F2(Hz)
  mean             1462.31 1804.3312 1052.8424 1203.5318 1998.9223 1157.6298  123.4513 1349.6905 1072.0404         0  1487.044
  std. dev.       430.5852  496.1344  854.7536  754.0967  624.7892  525.4581  446.9262  728.3086  424.8655    0.0751  307.7561
  weight sum          2940      1438      3443       261       748      1377      6798       594       423         8       266
  precision         0.4504    0.4504    0.4504    0.4504    0.4504    0.4504    0.4504    0.4504    0.4504    0.4504    0.4504

0F3(Hz)
  mean           2687.7356 2653.2835 1794.2755 2069.2644 2693.2397 2526.8298  212.0061 2268.8241 2703.6172         0 2875.6804
  std. dev.       764.2898  742.6344 1431.8071 1282.9054  863.6174  995.0347  754.1838 1165.0514  758.4179    0.1118  453.3058
  weight sum          2940      1438      3443       261       748      1377      6798       594       423         8       266
  precision         0.6705    0.6705    0.6705    0.6705    0.6705    0.6705    0.6705    0.6705    0.6705    0.6705    0.6705

0F4(Hz)
  mean           3116.7672 3189.0151 2058.5295 2471.0333 3209.5559 2910.5036  255.9653 2720.5333 3086.4504         0 3344.0454
  std. dev.       872.2076  856.4692 1634.0141 1495.7988  985.3806 1127.9374  908.2983 1363.5495  766.0819    0.1142  491.6785
  weight sum          2940      1438      3443       261       748      1377      6798       594       423         8       266
  precision         0.6851    0.6851    0.6851    0.6851    0.6851    0.6851    0.6851    0.6851    0.6851    0.6851    0.6851





=== Stratified cross-validation ===

Correctly Classified Instances        6239               34.1003 %
Incorrectly Classified Instances     12057               65.8997 %
Kappa statistic                          0.2608
K&B Relative Info Score             466555.2526 %
K&B Information Score                12290.727  bits      0.6718 bits/instance
Class complexity | order 0           48176.7702 bits      2.6332 bits/instance
Class complexity | scheme           395476.5047 bits     21.6155 bits/instance
Complexity improvement     (Sf)    -347299.7345 bits    -18.9823 bits/instance
Mean absolute error                      0.127 
Root mean squared error                  0.3116
Relative absolute error                 88.9228 %
Root relative squared error            116.624  %
Coverage of cases (0.95 level)          53.1428 %
Mean rel. region size (0.95 level)      26.6824 %
Total Number of Instances            18296     


=== Detailed Accuracy By Class ===

                 TP Rate  FP Rate  Precision  Recall   F-Measure  MCC      ROC Area  PRC Area  Class
                 0,585    0,076    0,597      0,585    0,591      0,513    0,865     0,591     A
                 0,652    0,125    0,308      0,652    0,418      0,381    0,857     0,392     E
                 0,190    0,043    0,503      0,190    0,276      0,223    0,634     0,384     CGJLNQSRT
                 0,000    0,000    0,000      0,000    0,000      0,000    0,656     0,029     FV
                 0,297    0,033    0,276      0,297    0,286      0,254    0,857     0,313     I
                 0,041    0,006    0,366      0,041    0,073      0,101    0,747     0,198     O
                 0,354    0,014    0,935      0,354    0,513      0,472    0,889     0,832     0
                 0,002    0,000    0,500      0,002    0,003      0,028    0,681     0,060     BMP
                 0,307    0,007    0,510      0,307    0,383      0,385    0,869     0,373     U
                 1,000    0,284    0,002      1,000    0,003      0,033    0,915     0,003     DZ
                 0,402    0,110    0,051      0,402    0,091      0,110    0,815     0,047     D
Weighted Avg.    0,341    0,039    0,630      0,341    0,398      0,359    0,811     0,547     


=== Confusion Matrix ===

    a    b    c    d    e    f    g    h    i    j    k   <-- classified as
 1720  372  138    0   48   10   18    0    3  121  510 |    a = A
  203  938   71    0   66    2    3    0    2   51  102 |    b = E
  358  569  653    0  240   43  119    1   19  837  604 |    c = CGJLNQSRT
   25   49   32    0   24    8    2    0    0   54   67 |    d = FV
   44  378   53    0  222    0    5    0    0   33   13 |    e = I
  276  365   98    0   16   56    5    0   81  138  342 |    f = O
   68   91  154    0   74   17 2404    0    5 3864  121 |    g = 0
   61  143   54    0   84    6   11    1   15   86  133 |    h = BMP
   81   67   29    0   14    8    2    0  130    5   87 |    i = U
    0    0    0    0    0    0    0    0    0    8    0 |    j = DZ
   47   75   15    0   17    3    1    0    0    1  107 |    k = D

=== Percent Confusion Matrix ===
a	b	c	d	e	f	g	h	i	j	k	
58.5	12.65	4.69	0.0	1.63	0.34	0.61	0.0	0.1	4.12	17.35	 a = A
14.12	65.23	4.94	0.0	4.59	0.14	0.21	0.0	0.14	3.55	7.09	 b = E
10.4	16.53	18.97	0.0	6.97	1.25	3.46	0.03	0.55	24.31	17.54	 c = CGJLNQSRT
9.58	18.77	12.26	0.0	9.2	3.07	0.77	0.0	0.0	20.69	25.67	 d = FV
5.88	50.53	7.09	0.0	29.68	0.0	0.67	0.0	0.0	4.41	1.74	 e = I
20.04	26.51	7.12	0.0	1.16	4.07	0.36	0.0	5.88	10.02	24.84	 f = O
1.0	1.34	2.27	0.0	1.09	0.25	35.36	0.0	0.07	56.84	1.78	 g = 0
10.27	24.07	9.09	0.0	14.14	1.01	1.85	0.17	2.53	14.48	22.39	 h = BMP
19.15	15.84	6.86	0.0	3.31	1.89	0.47	0.0	30.73	1.18	20.57	 i = U
0.0	0.0	0.0	0.0	0.0	0.0	0.0	0.0	0.0	100.0	0.0	 j = DZ
17.67	28.2	5.64	0.0	6.39	1.13	0.38	0.0	0.0	0.38	40.23	 k = D
