Timestamp:2014-12-07-11:10:27
Inventario:I3
Intervalo:15ms
Ngramas:1
Clasificador:NaiveBayes
Relation Name:  I3-15ms-1gramas
Num Instances:  12189
Num Attributes: 11

     Name                      Type  Nom  Int Real     Missing      Unique  Dist
   1 0Int(dB)                   Num   0%  10%  90%     0 /  0%    10 /  0%   768 
   2 0Pitch(Hz)                 Num   0%  50%  50%     0 /  0%   941 /  8%  2715 
   3 0RawPitch                  Num   0%  53%  47%     0 /  0%   979 /  8%  2609 
   4 0SmPitch                   Num   0%  51%  49%     0 /  0%   957 /  8%  2691 
   5 0Melogram(st)              Num   0%  46%  54%     0 /  0%   838 /  7%  2574 
   6 0ZCross                    Num   0% 100%   0%     0 /  0%    10 /  0%    40 
   7 0F1(Hz)                    Num   0%  50%  50%     0 /  0%  2281 / 19%  3977 
   8 0F2(Hz)                    Num   0%  50%  50%     0 /  0%  3848 / 32%  5158 
   9 0F3(Hz)                    Num   0%  50%  50%     0 /  0%  3419 / 28%  4850 
  10 0F4(Hz)                    Num   0%  50%  50%     0 /  0%  3319 / 27%  4764 
  11 class                      Nom 100%   0%   0%     0 /  0%     0 /  0%    11 


Naive Bayes Classifier

                    Class
Attribute               A         E CGJLNQSRT        FV         I         O         0       BMP         U        DZ         D
                   (0.16)    (0.08)    (0.19)    (0.01)    (0.04)    (0.08)    (0.36)    (0.03)    (0.02)       (0)    (0.01)
==============================================================================================================================
0Int(dB)
  mean             -4.6544   -5.5049  -16.4721  -14.3263   -9.1576   -8.3852  -50.5565  -12.4692   -5.5692  -27.6233   -7.8361
  std. dev.         9.8223    8.2833   10.3148    8.9225    8.3719   12.0282   13.7487    10.584    7.6498    2.2988    6.2597
  weight sum          1989       971      2325       177       503       940      4418       399       285         5       177
  precision         0.1005    0.1005    0.1005    0.1005    0.1005    0.1005    0.1005    0.1005    0.1005    0.1005    0.1005

0Pitch(Hz)
  mean             214.311  189.9846  128.2916   145.764  175.8084  180.3637    9.3549  169.0755  231.3108         0  199.2072
  std. dev.       106.3793   87.3032  111.7964  105.9069   73.8088  102.9621   43.0244  105.9927   84.4017    0.0305   83.2243
  weight sum          1989       971      2325       177       503       940      4418       399       285         5       177
  precision         0.1828    0.1828    0.1828    0.1828    0.1828    0.1828    0.1828    0.1828    0.1828    0.1828    0.1828

0RawPitch
  mean            204.6048  186.8578  109.7237  119.8712  168.3408  174.1912    7.3655   155.219  222.5963         0  194.0122
  std. dev.       110.9966   91.2535  111.3873  101.1981   79.5481  108.1025   36.8692  111.9695   90.9444    0.0317   91.7751
  weight sum          1989       971      2325       177       503       940      4418       399       285         5       177
  precision           0.19      0.19      0.19      0.19      0.19      0.19      0.19      0.19      0.19      0.19      0.19

0SmPitch
  mean            212.5582  188.6266  120.8933  135.2172  174.1996  178.2642    8.0608  164.9116  230.9021         0  198.3639
  std. dev.       107.6671   88.6539  112.3234  102.9917   75.9109  104.6347   38.1376  109.5012   84.0603    0.0307   84.9657
  weight sum          1989       971      2325       177       503       940      4418       399       285         5       177
  precision         0.1841    0.1841    0.1841    0.1841    0.1841    0.1841    0.1841    0.1841    0.1841    0.1841    0.1841

0Melogram(st)
  mean             51.7631   50.9897   33.8074   40.8426    49.433   47.3663    3.0752   44.2448   54.7393         0   52.6514
  std. dev.         15.996   14.4101   26.8445   23.1702   14.7392   19.6193     12.67   22.4965   13.2895    0.0053   11.4213
  weight sum          1989       971      2325       177       503       940      4418       399       285         5       177
  precision         0.0321    0.0321    0.0321    0.0321    0.0321    0.0321    0.0321    0.0321    0.0321    0.0321    0.0321

0ZCross
  mean              6.6459    4.8701    2.8657    2.1179    3.5072    4.0889    0.1006    2.3765    3.8532         0    3.8434
  std. dev.         4.4895    2.9907    4.4033    2.1208    3.0758     2.998    0.6799    2.1579    2.8492    0.1838    2.0838
  weight sum          1989       971      2325       177       503       940      4418       399       285         5       177
  precision         1.1026    1.1026    1.1026    1.1026    1.1026    1.1026    1.1026    1.1026    1.1026    1.1026    1.1026

0F1(Hz)
  mean            680.2157  469.1052  338.0257  420.1259  370.0223  487.7924   34.4738  391.9946  504.5577         0  515.2919
  std. dev.       263.0262  136.7924  274.7281  268.8685  133.9826   218.941  138.1181  227.7233   299.786     0.073  145.0907
  weight sum          1989       971      2325       177       503       940      4418       399       285         5       177
  precision          0.438     0.438     0.438     0.438     0.438     0.438     0.438     0.438     0.438     0.438     0.438

0F2(Hz)
  mean           1457.3331 1803.6497 1097.2142 1256.0162 2010.9745 1164.8777  104.1463 1374.8709 1075.9553         0 1484.1532
  std. dev.       439.9568  490.0179  848.1773  726.8151  600.2718   526.346  412.9313  707.8796   411.661    0.0963  291.7647
  weight sum          1989       971      2325       177       503       940      4418       399       285         5       177
  precision         0.5776    0.5776    0.5776    0.5776    0.5776    0.5776    0.5776    0.5776    0.5776    0.5776    0.5776

0F3(Hz)
  mean            2676.475 2651.8402  1865.785 2156.9356 2714.2403 2529.7403  180.9432 2325.0319 2728.7599         0 2866.2889
  std. dev.       781.3816  731.0473 1416.2095 1243.2456  831.8369  990.6689  703.1963 1133.6314   731.591    0.1416  431.5143
  weight sum          1989       971      2325       177       503       940      4418       399       285         5       177
  precision         0.8494    0.8494    0.8494    0.8494    0.8494    0.8494    0.8494    0.8494    0.8494    0.8494    0.8494

0F4(Hz)
  mean            3105.401 3206.8695 2136.3708 2560.0986 3233.1412 2916.3463  217.2031 2772.6162 3100.5588         0 3354.8725
  std. dev.       892.4908  845.6004 1612.2774 1438.2149  946.7373 1123.3047  842.5038 1317.5612  725.9921    0.1451  465.2171
  weight sum          1989       971      2325       177       503       940      4418       399       285         5       177
  precision         0.8707    0.8707    0.8707    0.8707    0.8707    0.8707    0.8707    0.8707    0.8707    0.8707    0.8707





=== Stratified cross-validation ===

Correctly Classified Instances        4874               39.9869 %
Incorrectly Classified Instances      7315               60.0131 %
Kappa statistic                          0.3113
K&B Relative Info Score             370382.6113 %
K&B Information Score                 9820.7813 bits      0.8057 bits/instance
Class complexity | order 0           32291.476  bits      2.6492 bits/instance
Class complexity | scheme           209432.0726 bits     17.1821 bits/instance
Complexity improvement     (Sf)    -177140.5967 bits    -14.5328 bits/instance
Mean absolute error                      0.1162
Root mean squared error                  0.2935
Relative absolute error                 80.9613 %
Root relative squared error            109.5591 %
Coverage of cases (0.95 level)          59.3158 %
Mean rel. region size (0.95 level)      27.0221 %
Total Number of Instances            12189     


=== Detailed Accuracy By Class ===

                 TP Rate  FP Rate  Precision  Recall   F-Measure  MCC      ROC Area  PRC Area  Class
                 0,550    0,073    0,596      0,550    0,572      0,493    0,859     0,583     A
                 0,643    0,124    0,310      0,643    0,418      0,378    0,856     0,402     E
                 0,200    0,045    0,509      0,200    0,287      0,231    0,648     0,393     CGJLNQSRT
                 0,000    0,000    0,000      0,000    0,000      0,000    0,657     0,028     FV
                 0,346    0,038    0,282      0,346    0,311      0,279    0,866     0,330     I
                 0,034    0,004    0,438      0,034    0,063      0,105    0,742     0,201     O
                 0,523    0,014    0,957      0,523    0,676      0,614    0,945     0,918     0
                 0,000    0,000    0,000      0,000    0,000      -0,003   0,691     0,060     BMP
                 0,337    0,008    0,516      0,337    0,408      0,406    0,871     0,356     U
                 1,000    0,217    0,002      1,000    0,004      0,038    0,955     0,005     DZ
                 0,418    0,118    0,050      0,418    0,089      0,110    0,812     0,043     D
Weighted Avg.    0,400    0,039    0,624      0,400    0,455      0,408    0,832     0,575     


=== Confusion Matrix ===

    a    b    c    d    e    f    g    h    i    j    k   <-- classified as
 1094  270   96    0   34    2   14    0    1   82  396 |    a = A
  129  624   50    0   52    0    1    0    2   33   80 |    b = E
  247  373  465    0  190   19   78    3   13  511  426 |    c = CGJLNQSRT
   18   37   23    0   17    4    1    0    0   32   45 |    d = FV
   33  234   34    0  174    0    1    0    0   18    9 |    e = I
  170  251   74    0   13   32    3    0   56   91  250 |    f = O
   27   39   95    0   49   10 2310    0    3 1819   66 |    g = 0
   37   96   45    0   65    0    5    0   13   51   87 |    h = BMP
   51   45   20    0    9    5    1    0   96    2   56 |    i = U
    0    0    0    0    0    0    0    0    0    5    0 |    j = DZ
   29   45   11    0   14    1    1    0    2    0   74 |    k = D

=== Percent Confusion Matrix ===
a	b	c	d	e	f	g	h	i	j	k	
55.0	13.57	4.83	0.0	1.71	0.1	0.7	0.0	0.05	4.12	19.91	 a = A
13.29	64.26	5.15	0.0	5.36	0.0	0.1	0.0	0.21	3.4	8.24	 b = E
10.62	16.04	20.0	0.0	8.17	0.82	3.35	0.13	0.56	21.98	18.32	 c = CGJLNQSRT
10.17	20.9	12.99	0.0	9.6	2.26	0.56	0.0	0.0	18.08	25.42	 d = FV
6.56	46.52	6.76	0.0	34.59	0.0	0.2	0.0	0.0	3.58	1.79	 e = I
18.09	26.7	7.87	0.0	1.38	3.4	0.32	0.0	5.96	9.68	26.6	 f = O
0.61	0.88	2.15	0.0	1.11	0.23	52.29	0.0	0.07	41.17	1.49	 g = 0
9.27	24.06	11.28	0.0	16.29	0.0	1.25	0.0	3.26	12.78	21.8	 h = BMP
17.89	15.79	7.02	0.0	3.16	1.75	0.35	0.0	33.68	0.7	19.65	 i = U
0.0	0.0	0.0	0.0	0.0	0.0	0.0	0.0	0.0	100.0	0.0	 j = DZ
16.38	25.42	6.21	0.0	7.91	0.56	0.56	0.0	1.13	0.0	41.81	 k = D
