Timestamp:2014-12-07-11:10:49
Inventario:I3
Intervalo:20ms
Ngramas:1
Clasificador:NaiveBayes
Relation Name:  I3-20ms-1gramas
Num Instances:  9129
Num Attributes: 11

     Name                      Type  Nom  Int Real     Missing      Unique  Dist
   1 0Int(dB)                   Num   0%  11%  89%     0 /  0%    14 /  0%   764 
   2 0Pitch(Hz)                 Num   0%  49%  51%     0 /  0%  1033 / 11%  2440 
   3 0RawPitch                  Num   0%  52%  48%     0 /  0%  1062 / 12%  2369 
   4 0SmPitch                   Num   0%  50%  50%     0 /  0%  1056 / 12%  2419 
   5 0Melogram(st)              Num   0%  45%  55%     0 /  0%   938 / 10%  2342 
   6 0ZCross                    Num   0% 100%   0%     0 /  0%     7 /  0%    34 
   7 0F1(Hz)                    Num   0%  49%  51%     0 /  0%  2180 / 24%  3398 
   8 0F2(Hz)                    Num   0%  49%  51%     0 /  0%  3463 / 38%  4259 
   9 0F3(Hz)                    Num   0%  49%  51%     0 /  0%  3209 / 35%  4087 
  10 0F4(Hz)                    Num   0%  49%  51%     0 /  0%  3134 / 34%  4027 
  11 class                      Nom 100%   0%   0%     0 /  0%     0 /  0%    11 


Naive Bayes Classifier

                    Class
Attribute               A         E CGJLNQSRT        FV         I         O         0       BMP         U        DZ         D
                   (0.16)    (0.08)    (0.19)    (0.02)    (0.04)    (0.08)    (0.35)    (0.03)    (0.02)       (0)    (0.01)
==============================================================================================================================
0Int(dB)
  mean             -4.7838   -5.6493  -16.3879  -13.9655   -9.5022   -8.6644  -50.8564  -12.4527   -5.9413  -28.5024   -7.9076
  std. dev.          9.917    8.2505   10.4461    8.9902    8.6317   12.1183   13.3638   10.4872    8.0011    3.0818    6.2206
  weight sum          1505       746      1751       138       385       712      3237       299       218         5       133
  precision         0.1008    0.1008    0.1008    0.1008    0.1008    0.1008    0.1008    0.1008    0.1008    0.1008    0.1008

0Pitch(Hz)
  mean            215.4717  192.4898  131.5587  152.2312  174.3019  180.2959    8.6334  173.7208  232.3523         0  197.3055
  std. dev.       105.3209    85.636  110.6314   105.769   75.0715  103.4062    41.208  104.0157   82.3117    0.0339   85.1182
  weight sum          1505       746      1751       138       385       712      3237       299       218         5       133
  precision         0.2034    0.2034    0.2034    0.2034    0.2034    0.2034    0.2034    0.2034    0.2034    0.2034    0.2034

0RawPitch
  mean            205.1279  188.8553  114.8527  123.0765  166.4766  174.0908    6.9028  156.9007  222.5693         0  192.4154
  std. dev.       110.0217   89.4789  111.3876  101.8456   78.7839  108.0935   35.4936  112.4322   89.8429    0.0348   92.3885
  weight sum          1505       746      1751       138       385       712      3237       299       218         5       133
  precision         0.2088    0.2088    0.2088    0.2088    0.2088    0.2088    0.2088    0.2088    0.2088    0.2088    0.2088

0SmPitch
  mean            213.4208  191.6241  125.4343  141.6009  171.8543   178.962    7.4117  169.8194  232.3227         0  196.7627
  std. dev.       106.8674   86.4181   112.086  100.3995   76.5988  104.3249   36.4626  107.6346   82.2366    0.0342   86.2961
  weight sum          1505       746      1751       138       385       712      3237       299       218         5       133
  precision         0.2051    0.2051    0.2051    0.2051    0.2051    0.2051    0.2051    0.2051    0.2051    0.2051    0.2051

0Melogram(st)
  mean             52.0827   51.3162   34.7221   42.7509   49.4307   47.7311    2.7455   45.7719   54.9086   10.4257   52.3538
  std. dev.        15.5643   13.9659   26.6004   21.9334   14.5646   19.2227   12.0014   21.2519   12.8002   20.8513   11.7579
  weight sum          1505       746      1751       138       385       712      3237       299       218         5       133
  precision         0.0352    0.0352    0.0352    0.0352    0.0352    0.0352    0.0352    0.0352    0.0352    0.0352    0.0352

0ZCross
  mean              6.7146    4.8248    2.7904    2.0843    3.1868    3.9665    0.0853    2.2092     3.573         0    3.6172
  std. dev.          4.535    3.1533    4.2824    2.0439    2.9527    3.0096    0.6289     2.095    2.8222    0.2121    2.1729
  weight sum          1505       746      1751       138       385       712      3237       299       218         5       133
  precision         1.2727    1.2727    1.2727    1.2727    1.2727    1.2727    1.2727    1.2727    1.2727    1.2727    1.2727

0F1(Hz)
  mean            680.6071  468.1216  353.3559  433.0067  362.9833  487.9887    33.621  402.1692  498.1345         0  513.8878
  std. dev.       260.5161  135.4424  274.4304  254.6457  139.6622  219.6408   134.961  226.7452  299.1257    0.0854  150.3522
  weight sum          1505       746      1751       138       385       712      3237       299       218         5       133
  precision         0.5127    0.5127    0.5127    0.5127    0.5127    0.5127    0.5127    0.5127    0.5127    0.5127    0.5127

0F2(Hz)
  mean           1463.4676 1802.3085 1136.6073 1302.5905 1971.4305 1165.7924  104.5544 1402.7174 1080.7158         0 1476.9797
  std. dev.       432.0523  487.8366  837.1102  701.6256  644.7659  525.3227  415.7714  694.7863  431.8771    0.1164  305.2219
  weight sum          1505       746      1751       138       385       712      3237       299       218         5       133
  precision         0.6985    0.6985    0.6985    0.6985    0.6985    0.6985    0.6985    0.6985    0.6985    0.6985    0.6985

0F3(Hz)
  mean           2691.8093 2662.4498 1930.6527 2220.2677 2672.9489 2534.4259  178.3613 2362.4099 2714.6841         0 2860.5062
  std. dev.       762.9907   729.876 1393.9242 1179.8092  890.7818  989.9708  693.8699 1105.7815  768.9985    0.1677  458.2327
  weight sum          1505       746      1751       138       385       712      3237       299       218         5       133
  precision         1.0065    1.0065    1.0065    1.0065    1.0065    1.0065    1.0065    1.0065    1.0065    1.0065    1.0065

0F4(Hz)
  mean            3114.979 3199.5596 2217.4465 2671.4019 3176.0491 2913.9175  219.7749 2816.8308  3074.217         0 3346.2293
  std. dev.       871.0219  841.1377 1591.9677 1380.3083 1017.7226 1121.3472  852.8379 1281.9538  772.1011    0.1717  488.4351
  weight sum          1505       746      1751       138       385       712      3237       299       218         5       133
  precision         1.0301    1.0301    1.0301    1.0301    1.0301    1.0301    1.0301    1.0301    1.0301    1.0301    1.0301





=== Stratified cross-validation ===

Correctly Classified Instances        3355               36.751  %
Incorrectly Classified Instances      5774               63.249  %
Kappa statistic                          0.2819
K&B Relative Info Score             255126.4726 %
K&B Information Score                 6813.3958 bits      0.7463 bits/instance
Class complexity | order 0           24352.2535 bits      2.6676 bits/instance
Class complexity | scheme           159878.4303 bits     17.5132 bits/instance
Complexity improvement     (Sf)    -135526.1768 bits    -14.8457 bits/instance
Mean absolute error                      0.1221
Root mean squared error                  0.3025
Relative absolute error                 84.5826 %
Root relative squared error            112.6053 %
Coverage of cases (0.95 level)          57.2461 %
Mean rel. region size (0.95 level)      27.8493 %
Total Number of Instances             9129     


=== Detailed Accuracy By Class ===

                 TP Rate  FP Rate  Precision  Recall   F-Measure  MCC      ROC Area  PRC Area  Class
                 0,583    0,083    0,582      0,583    0,582      0,500    0,858     0,576     A
                 0,686    0,157    0,280      0,686    0,398      0,362    0,852     0,376     E
                 0,193    0,049    0,486      0,193    0,276      0,214    0,659     0,389     CGJLNQSRT
                 0,000    0,000    0,000      0,000    0,000      0,000    0,676     0,030     FV
                 0,268    0,031    0,275      0,268    0,271      0,239    0,848     0,293     I
                 0,034    0,003    0,462      0,034    0,063      0,108    0,740     0,206     O
                 0,430    0,012    0,950      0,430    0,592      0,545    0,943     0,902     0
                 0,003    0,001    0,111      0,003    0,006      0,014    0,695     0,062     BMP
                 0,289    0,007    0,504      0,289    0,367      0,371    0,856     0,336     U
                 0,800    0,243    0,002      0,800    0,004      0,030    0,862     0,003     DZ
                 0,301    0,090    0,047      0,301    0,082      0,087    0,803     0,042     D
Weighted Avg.    0,368    0,043    0,613      0,368    0,418      0,375    0,831     0,560     


=== Confusion Matrix ===

    a    b    c    d    e    f    g    h    i    j    k   <-- classified as
  877  249   84    0   19    2    5    0    4   59  206 |    a = A
   98  512   35    0   29    0    0    0    2   25   45 |    b = E
  223  365  338    0  124   11   55    6    8  354  267 |    c = CGJLNQSRT
   16   39   18    0    7    4    0    0    0   22   32 |    d = FV
   22  208   29    0  103    0    1    1    0   17    4 |    e = I
  139  236   57    0    8   24    3    0   36   69  140 |    f = O
   30   29   81    0   29    7 1393    1    2 1635   30 |    g = 0
   34   94   29    0   39    2    7    1    9   34   50 |    h = BMP
   44   50   16    0    7    2    0    0   63    3   33 |    i = U
    0    0    0    0    0    0    1    0    0    4    0 |    j = DZ
   25   47    9    0   10    0    1    0    1    0   40 |    k = D

=== Percent Confusion Matrix ===
a	b	c	d	e	f	g	h	i	j	k	
58.27	16.54	5.58	0.0	1.26	0.13	0.33	0.0	0.27	3.92	13.69	 a = A
13.14	68.63	4.69	0.0	3.89	0.0	0.0	0.0	0.27	3.35	6.03	 b = E
12.74	20.85	19.3	0.0	7.08	0.63	3.14	0.34	0.46	20.22	15.25	 c = CGJLNQSRT
11.59	28.26	13.04	0.0	5.07	2.9	0.0	0.0	0.0	15.94	23.19	 d = FV
5.71	54.03	7.53	0.0	26.75	0.0	0.26	0.26	0.0	4.42	1.04	 e = I
19.52	33.15	8.01	0.0	1.12	3.37	0.42	0.0	5.06	9.69	19.66	 f = O
0.93	0.9	2.5	0.0	0.9	0.22	43.03	0.03	0.06	50.51	0.93	 g = 0
11.37	31.44	9.7	0.0	13.04	0.67	2.34	0.33	3.01	11.37	16.72	 h = BMP
20.18	22.94	7.34	0.0	3.21	0.92	0.0	0.0	28.9	1.38	15.14	 i = U
0.0	0.0	0.0	0.0	0.0	0.0	20.0	0.0	0.0	80.0	0.0	 j = DZ
18.8	35.34	6.77	0.0	7.52	0.0	0.75	0.0	0.75	0.0	30.08	 k = D
