Timestamp:2014-12-07-11:07:51
Inventario:I3
Intervalo:3ms
Ngramas:1
Clasificador:NaiveBayes
Relation Name:  I3-3ms-1gramas
Num Instances:  61135
Num Attributes: 11

     Name                      Type  Nom  Int Real     Missing      Unique  Dist
   1 0Int(dB)                   Num   0%  10%  90%     0 /  0%     3 /  0%   777 
   2 0Pitch(Hz)                 Num   0%  52%  48%     0 /  0%   559 /  1%  3828 
   3 0RawPitch                  Num   0%  55%  45%     0 /  0%   613 /  1%  3808 
   4 0SmPitch                   Num   0%  53%  47%     0 /  0%   575 /  1%  3802 
   5 0Melogram(st)              Num   0%  49%  51%     0 /  0%   269 /  0%  3285 
   6 0ZCross                    Num   0% 100%   0%     0 /  0%     3 /  0%    50 
   7 0F1(Hz)                    Num   0%  52%  48%     0 /  0%  1075 /  2%  4783 
   8 0F2(Hz)                    Num   0%  52%  48%     0 /  0%  2270 /  4%  6724 
   9 0F3(Hz)                    Num   0%  52%  48%     0 /  0%  1945 /  3%  6241 
  10 0F4(Hz)                    Num   0%  52%  48%     0 /  0%  1922 /  3%  6122 
  11 class                      Nom 100%   0%   0%     0 /  0%     0 /  0%    11 


Naive Bayes Classifier

                    Class
Attribute               A         E CGJLNQSRT        FV         I         O         0       BMP         U        DZ         D
                   (0.16)    (0.08)    (0.18)    (0.01)    (0.04)    (0.07)    (0.39)    (0.03)    (0.02)       (0)    (0.01)
==============================================================================================================================
0Int(dB)
  mean             -4.2995   -5.2154  -16.4957  -14.9663    -8.745    -8.205  -48.5184  -12.2908   -5.0964   -27.151   -7.7207
  std. dev.         9.6425     8.061   10.3102    8.8198    8.4284   12.2015   15.9239   10.5869    7.5403    2.2431    6.1865
  weight sum          9585      4621     11256       864      2382      4463     23726      1948      1386        23       881
  precision         0.1043    0.1043    0.1043    0.1043    0.1043    0.1043    0.1043    0.1043    0.1043    0.1043    0.1043

0Pitch(Hz)
  mean            215.2171  190.6854  116.9511  132.7243  173.6379  178.3171   15.7156  161.0025   230.256         0  201.8505
  std. dev.       108.2936   87.4198  113.2594  107.1636   76.0641  105.1185    54.799  109.8138   83.5916    0.0217   84.7618
  weight sum          9585      4621     11256       864      2382      4463     23726      1948      1386        23       881
  precision         0.1303    0.1303    0.1303    0.1303    0.1303    0.1303    0.1303    0.1303    0.1303    0.1303    0.1303

0RawPitch
  mean             205.011  186.0468   98.0304  107.6938  166.4491  172.3446    12.846  148.5952   221.377         0  195.7565
  std. dev.       114.2273   94.2836  112.1092  102.8608   82.7406   111.886   49.2565  115.2511   91.8259    0.0218    93.879
  weight sum          9585      4621     11256       864      2382      4463     23726      1948      1386        23       881
  precision          0.131     0.131     0.131     0.131     0.131     0.131     0.131     0.131     0.131     0.131     0.131

0SmPitch
  mean             213.279  189.2421  110.0284  123.0119  171.0176  176.2127   14.1425  156.3345   229.966         0  201.2862
  std. dev.       109.7994   88.6477  113.3485  104.4081   78.8205  107.2818   50.9133  112.6809   83.6261    0.0219   85.8449
  weight sum          9585      4621     11256       864      2382      4463     23726      1948      1386        23       881
  precision         0.1312    0.1312    0.1312    0.1312    0.1312    0.1312    0.1312    0.1312    0.1312    0.1312    0.1312

0Melogram(st)
  mean             51.3572   50.6147   30.4901   37.2513   48.6212   46.5702    4.6708   41.7583   54.4863         0   52.9664
  std. dev.        16.8758   15.1287   27.4186    24.928   16.0378    20.439    15.268   24.1126   13.4335    0.0042   11.3858
  weight sum          9585      4621     11256       864      2382      4463     23726      1948      1386        23       881
  precision         0.0252    0.0252    0.0252    0.0252    0.0252    0.0252    0.0252    0.0252    0.0252    0.0252    0.0252

0ZCross
  mean              6.9994    4.9156    2.9472    1.9401    3.5967    4.0424    0.2221    2.4227    3.8515         0    3.8027
  std. dev.         4.6018    3.2034     4.867    2.0364    3.1513    2.9091    1.0404    2.0849    2.7932    0.1939    2.1182
  weight sum          9585      4621     11256       864      2382      4463     23726      1948      1386        23       881
  precision         1.1633    1.1633    1.1633    1.1633    1.1633    1.1633    1.1633    1.1633    1.1633    1.1633    1.1633

0F1(Hz)
  mean             683.313  466.9426  307.8306  381.3156  363.5983  486.8876   50.9705  372.4935  501.4313         0  517.5707
  std. dev.       268.9093  141.0764  277.5772  276.5899  141.2908  224.2029  162.6104  235.5015  304.2361    0.0607   152.918
  weight sum          9585      4621     11256       864      2382      4463     23726      1948      1386        23       881
  precision         0.3642    0.3642    0.3642    0.3642    0.3642    0.3642    0.3642    0.3642    0.3642    0.3642    0.3642

0F2(Hz)
  mean           1445.9618 1800.7234 1003.2724 1172.6362 1991.3969 1143.6165  159.6878 1312.5688 1063.4653         0 1482.7798
  std. dev.       449.7706  507.5736  863.2089  779.2046  651.9928  529.3781  504.4739  745.4148  414.3404    0.0738    322.46
  weight sum          9585      4621     11256       864      2382      4463     23726      1948      1386        23       881
  precision         0.4431    0.4431    0.4431    0.4431    0.4431    0.4431    0.4431    0.4431    0.4431    0.4431    0.4431

0F3(Hz)
  mean           2661.7097  2638.722 1709.2151 1994.0357 2676.1136 2509.8227   272.283 2208.9124  2701.015         0 2866.4836
  std. dev.       804.8708  758.2975 1448.9435 1314.2962  900.3451 1013.4676  845.4798 1199.4463  745.1651      0.11  508.9155
  weight sum          9585      4621     11256       864      2382      4463     23726      1948      1386        23       881
  precision         0.6602    0.6602    0.6602    0.6602    0.6602    0.6602    0.6602    0.6602    0.6602    0.6602    0.6602

0F4(Hz)
  mean           3086.6146  3179.034 1959.3865 2385.6763 3179.5458  2888.156  327.6107 2654.3032 3093.8479         0 3322.1873
  std. dev.       919.3099  877.8457 1652.3781 1536.6667  1026.953 1148.0627 1014.8963 1409.2849  750.1771    0.1129  556.6252
  weight sum          9585      4621     11256       864      2382      4463     23726      1948      1386        23       881
  precision         0.6775    0.6775    0.6775    0.6775    0.6775    0.6775    0.6775    0.6775    0.6775    0.6775    0.6775





=== Stratified cross-validation ===

Correctly Classified Instances       23595               38.5949 %
Incorrectly Classified Instances     37540               61.4051 %
Kappa statistic                          0.2945
K&B Relative Info Score            1751272.1906 %
K&B Information Score                45537.6804 bits      0.7449 bits/instance
Class complexity | order 0          158937.2465 bits      2.5998 bits/instance
Class complexity | scheme          1157031.494  bits     18.9258 bits/instance
Complexity improvement     (Sf)    -998094.2475 bits    -16.3261 bits/instance
Mean absolute error                      0.1185
Root mean squared error                  0.2986
Relative absolute error                 83.9159 %
Root relative squared error            112.3783 %
Coverage of cases (0.95 level)          56.5339 %
Mean rel. region size (0.95 level)      26.248  %
Total Number of Instances            61135     


=== Detailed Accuracy By Class ===

                 TP Rate  FP Rate  Precision  Recall   F-Measure  MCC      ROC Area  PRC Area  Class
                 0,569    0,067    0,613      0,569    0,590      0,518    0,867     0,604     A
                 0,682    0,138    0,288      0,682    0,405      0,375    0,859     0,385     E
                 0,187    0,044    0,490      0,187    0,271      0,217    0,620     0,372     CGJLNQSRT
                 0,000    0,000    0,000      0,000    0,000      0,000    0,628     0,027     FV
                 0,238    0,025    0,277      0,238    0,256      0,229    0,856     0,309     I
                 0,043    0,007    0,325      0,043    0,076      0,096    0,748     0,187     O
                 0,476    0,019    0,939      0,476    0,632      0,560    0,876     0,849     0
                 0,000    0,000    0,000      0,000    0,000      -0,003   0,667     0,056     BMP
                 0,333    0,007    0,515      0,333    0,404      0,403    0,875     0,373     U
                 1,000    0,242    0,002      1,000    0,003      0,034    0,943     0,003     DZ
                 0,388    0,104    0,052      0,388    0,091      0,109    0,822     0,048     D
Weighted Avg.    0,386    0,040    0,620      0,386    0,444      0,393    0,805     0,559     


=== Confusion Matrix ===

     a     b     c     d     e     f     g     h     i     j     k   <-- classified as
  5457  1295   449     0   106    55    75     0     7   443  1698 |     a = A
   593  3151   248     0   161     9    15     1     1   165   277 |     b = E
   961  2030  2105     0   567   159   552     8    63  2957  1854 |     c = CGJLNQSRT
    71   193   102     0    69    22    10     0     0   206   191 |     d = FV
   143  1328   176     0   567     0    20     0     0   113    35 |     e = I
   853  1285   305     0    25   192    12     0   289   477  1025 |     f = O
   277   557   596     0   274    90 11297     3    19 10068   545 |     g = 0
   168   581   182     0   201    24    32     0    54   324   382 |     h = BMP
   240   243    85     0    37    30     6     0   461    17   267 |     i = U
     0     0     0     0     0     0     0     0     0    23     0 |     j = DZ
   146   283    47     0    41     9     6     0     1     6   342 |     k = D

=== Percent Confusion Matrix ===
a	b	c	d	e	f	g	h	i	j	k	
56.93	13.51	4.68	0.0	1.11	0.57	0.78	0.0	0.07	4.62	17.72	 a = A
12.83	68.19	5.37	0.0	3.48	0.19	0.32	0.02	0.02	3.57	5.99	 b = E
8.54	18.03	18.7	0.0	5.04	1.41	4.9	0.07	0.56	26.27	16.47	 c = CGJLNQSRT
8.22	22.34	11.81	0.0	7.99	2.55	1.16	0.0	0.0	23.84	22.11	 d = FV
6.0	55.75	7.39	0.0	23.8	0.0	0.84	0.0	0.0	4.74	1.47	 e = I
19.11	28.79	6.83	0.0	0.56	4.3	0.27	0.0	6.48	10.69	22.97	 f = O
1.17	2.35	2.51	0.0	1.15	0.38	47.61	0.01	0.08	42.43	2.3	 g = 0
8.62	29.83	9.34	0.0	10.32	1.23	1.64	0.0	2.77	16.63	19.61	 h = BMP
17.32	17.53	6.13	0.0	2.67	2.16	0.43	0.0	33.26	1.23	19.26	 i = U
0.0	0.0	0.0	0.0	0.0	0.0	0.0	0.0	0.0	100.0	0.0	 j = DZ
16.57	32.12	5.33	0.0	4.65	1.02	0.68	0.0	0.11	0.68	38.82	 k = D
