Timestamp:2014-12-07-11:09:13
Inventario:I3
Intervalo:6ms
Ngramas:1
Clasificador:NaiveBayes
Relation Name:  I3-6ms-1gramas
Num Instances:  30453
Num Attributes: 11

     Name                      Type  Nom  Int Real     Missing      Unique  Dist
   1 0Int(dB)                   Num   0%  10%  90%     0 /  0%     3 /  0%   777 
   2 0Pitch(Hz)                 Num   0%  51%  49%     0 /  0%   750 /  2%  3423 
   3 0RawPitch                  Num   0%  55%  45%     0 /  0%   699 /  2%  3337 
   4 0SmPitch                   Num   0%  53%  47%     0 /  0%   748 /  2%  3382 
   5 0Melogram(st)              Num   0%  48%  52%     0 /  0%   413 /  1%  3048 
   6 0ZCross                    Num   0% 100%   0%     0 /  0%     8 /  0%    47 
   7 0F1(Hz)                    Num   0%  52%  48%     0 /  0%  1130 /  4%  4802 
   8 0F2(Hz)                    Num   0%  51%  49%     0 /  0%  2251 /  7%  6691 
   9 0F3(Hz)                    Num   0%  52%  48%     0 /  0%  1969 /  6%  6255 
  10 0F4(Hz)                    Num   0%  52%  48%     0 /  0%  1938 /  6%  6099 
  11 class                      Nom 100%   0%   0%     0 /  0%     0 /  0%    11 


Naive Bayes Classifier

                    Class
Attribute               A         E CGJLNQSRT        FV         I         O         0       BMP         U        DZ         D
                   (0.16)    (0.08)    (0.19)    (0.01)    (0.04)    (0.07)    (0.38)    (0.03)    (0.02)       (0)    (0.01)
==============================================================================================================================
0Int(dB)
  mean             -4.3746   -5.3083  -16.5509  -14.9621   -8.8383   -8.2927  -49.0429  -12.3369   -5.2124  -27.3626   -7.7311
  std. dev.         9.6808    8.1563   10.3341    8.8347    8.4087   12.1905   15.4132    10.602    7.6533    2.3916    6.1548
  weight sum          4825      2347      5653       430      1206      2251     11611       980       697        12       441
  precision         0.1027    0.1027    0.1027    0.1027    0.1027    0.1027    0.1027    0.1027    0.1027    0.1027    0.1027

0Pitch(Hz)
  mean            215.2971  191.0581  119.4974  133.3692  173.8339  178.5747   14.1299  163.7124  230.7901         0   201.883
  std. dev.       107.7031   87.4612  112.8369  106.8281   75.6506  104.7438   52.0089  108.8774   82.8574    0.0243    84.869
  weight sum          4825      2347      5653       430      1206      2251     11611       980       697        12       441
  precision         0.1457    0.1457    0.1457    0.1457    0.1457    0.1457    0.1457    0.1457    0.1457    0.1457    0.1457

0RawPitch
  mean            204.9722  186.7023   100.606  109.9149  166.6698  172.5426   11.6282  150.0446  221.3767         0  196.4472
  std. dev.       113.3158   93.4491  111.6521  102.8897   81.1132  110.6448    46.559   114.114   91.1707    0.0248    92.771
  weight sum          4825      2347      5653       430      1206      2251     11611       980       697        12       441
  precision         0.1486    0.1486    0.1486    0.1486    0.1486    0.1486    0.1486    0.1486    0.1486    0.1486    0.1486

0SmPitch
  mean            213.2402  189.6338  112.4515   124.407  171.4037  176.5059   12.7048  158.6198  229.7721         0  201.3593
  std. dev.       109.3851   88.7774  113.0799   103.769   78.1033   106.636   48.0549  112.4568   83.4441    0.0246    85.928
  weight sum          4825      2347      5653       430      1206      2251     11611       980       697        12       441
  precision         0.1475    0.1475    0.1475    0.1475    0.1475    0.1475    0.1475    0.1475    0.1475    0.1475    0.1475

0Melogram(st)
  mean              51.533   50.8127   31.2207   38.4205   48.9436   46.6912    4.2912    42.399   54.8522         0     53.14
  std. dev.        16.5965   14.8245   27.3134   24.4262   15.5254   20.3122   14.7017   23.6994   12.6632    0.0045   10.7598
  weight sum          4825      2347      5653       430      1206      2251     11611       980       697        12       441
  precision         0.0271    0.0271    0.0271    0.0271    0.0271    0.0271    0.0271    0.0271    0.0271    0.0271    0.0271

0ZCross
  mean              6.9593    4.8852     2.911    1.9001    3.5568    3.9781    0.1868    2.4041    3.8114         0    3.7028
  std. dev.         4.5717    3.1792    4.7748    2.0075    3.1167    2.8849     0.942    2.0753    2.7838    0.1957    2.0838
  weight sum          4825      2347      5653       430      1206      2251     11611       980       697        12       441
  precision         1.1739    1.1739    1.1739    1.1739    1.1739    1.1739    1.1739    1.1739    1.1739    1.1739    1.1739

0F1(Hz)
  mean            682.1071   466.462  316.1813  391.2913  366.1781  486.7294   46.8563  381.3506  499.9719         0  517.4169
  std. dev.       268.0102  141.9729  277.1652  276.1702  138.5016  223.3891  156.9324   233.551  304.4022    0.0605  150.5159
  weight sum          4825      2347      5653       430      1206      2251     11611       980       697        12       441
  precision         0.3628    0.3628    0.3628    0.3628    0.3628    0.3628    0.3628    0.3628    0.3628    0.3628    0.3628

0F2(Hz)
  mean           1448.2374 1796.4609 1028.9839 1193.1191 2002.2125  1145.619  145.6475 1332.6509 1063.4579         0 1484.5553
  std. dev.       448.6029  511.4411  859.8842  771.0706  633.8216   528.768  482.6819  730.2324  420.6329    0.0742  315.1872
  weight sum          4825      2347      5653       430      1206      2251     11611       980       697        12       441
  precision         0.4452    0.4452    0.4452    0.4452    0.4452    0.4452    0.4452    0.4452    0.4452    0.4452    0.4452

0F3(Hz)
  mean           2665.0519 2636.0758 1751.4014 2027.9477 2693.6179  2513.778  249.3576 2248.6819 2692.0225         0 2867.4021
  std. dev.       801.5039  763.9923   1440.86 1301.1049  876.6153 1011.4708  812.0478 1174.9913   759.659    0.1098  487.3711
  weight sum          4825      2347      5653       430      1206      2251     11611       980       697        12       441
  precision         0.6587    0.6587    0.6587    0.6587    0.6587    0.6587    0.6587    0.6587    0.6587    0.6587    0.6587

0F4(Hz)
  mean            3089.112 3175.4825 2009.2839 2421.4135 3200.0296 2890.9482    300.63 2697.4569 3085.5469         0 3334.3495
  std. dev.       915.0775  884.6328 1644.2265 1516.9857  997.3182 1145.4649  976.8376 1376.7352  770.8999    0.1133  533.4148
  weight sum          4825      2347      5653       430      1206      2251     11611       980       697        12       441
  precision         0.6801    0.6801    0.6801    0.6801    0.6801    0.6801    0.6801    0.6801    0.6801    0.6801    0.6801





=== Stratified cross-validation ===

Correctly Classified Instances       11637               38.213  %
Incorrectly Classified Instances     18816               61.787  %
Kappa statistic                          0.2937
K&B Relative Info Score             867210.4641 %
K&B Information Score                22674.0097 bits      0.7446 bits/instance
Class complexity | order 0           79596.05   bits      2.6137 bits/instance
Class complexity | scheme           585177.2364 bits     19.2158 bits/instance
Complexity improvement     (Sf)    -505581.1863 bits    -16.602  bits/instance
Mean absolute error                      0.1195
Root mean squared error                  0.2999
Relative absolute error                 84.2343 %
Root relative squared error            112.6069 %
Coverage of cases (0.95 level)          56.1915 %
Mean rel. region size (0.95 level)      26.4578 %
Total Number of Instances            30453     


=== Detailed Accuracy By Class ===

                 TP Rate  FP Rate  Precision  Recall   F-Measure  MCC      ROC Area  PRC Area  Class
                 0,572    0,068    0,613      0,572    0,592      0,519    0,865     0,602     A
                 0,650    0,120    0,311      0,650    0,421      0,385    0,857     0,390     E
                 0,190    0,044    0,495      0,190    0,274      0,220    0,626     0,374     CGJLNQSRT
                 0,000    0,000    0,000      0,000    0,000      0,000    0,646     0,028     FV
                 0,295    0,033    0,271      0,295    0,282      0,252    0,860     0,323     I
                 0,040    0,006    0,336      0,040    0,071      0,094    0,747     0,190     O
                 0,465    0,017    0,944      0,465    0,623      0,557    0,887     0,853     0
                 0,001    0,000    0,083      0,001    0,002      0,006    0,673     0,057     BMP
                 0,333    0,007    0,526      0,333    0,408      0,408    0,872     0,367     U
                 1,000    0,244    0,002      1,000    0,003      0,035    0,943     0,003     DZ
                 0,429    0,116    0,051      0,429    0,092      0,114    0,820     0,047     D
Weighted Avg.    0,382    0,038    0,624      0,382    0,442      0,393    0,810     0,558     


=== Confusion Matrix ===

    a    b    c    d    e    f    g    h    i    j    k   <-- classified as
 2761  601  229    0   75   18   35    0    3  221  882 |    a = A
  313 1526  124    0  107    2    6    2    1   86  180 |    b = E
  492  856 1073    0  386   76  238    5   31 1433 1063 |    c = CGJLNQSRT
   37   72   53    0   46   11    8    1    1   92  109 |    d = FV
   72  611   86    0  356    0    6    0    0   55   20 |    e = I
  427  584  166    0   20   90    7    0  137  236  584 |    f = O
  116  195  280    0  150   41 5397    3   10 5154  265 |    g = 0
   88  231   89    0  131   12   17    1   26  153  232 |    h = BMP
  119  102   44    0   21   13    2    0  232    9  155 |    i = U
    0    0    0    0    0    0    0    0    0   12    0 |    j = DZ
   76  121   22    0   23    5    2    0    0    3  189 |    k = D

=== Percent Confusion Matrix ===
a	b	c	d	e	f	g	h	i	j	k	
57.22	12.46	4.75	0.0	1.55	0.37	0.73	0.0	0.06	4.58	18.28	 a = A
13.34	65.02	5.28	0.0	4.56	0.09	0.26	0.09	0.04	3.66	7.67	 b = E
8.7	15.14	18.98	0.0	6.83	1.34	4.21	0.09	0.55	25.35	18.8	 c = CGJLNQSRT
8.6	16.74	12.33	0.0	10.7	2.56	1.86	0.23	0.23	21.4	25.35	 d = FV
5.97	50.66	7.13	0.0	29.52	0.0	0.5	0.0	0.0	4.56	1.66	 e = I
18.97	25.94	7.37	0.0	0.89	4.0	0.31	0.0	6.09	10.48	25.94	 f = O
1.0	1.68	2.41	0.0	1.29	0.35	46.48	0.03	0.09	44.39	2.28	 g = 0
8.98	23.57	9.08	0.0	13.37	1.22	1.73	0.1	2.65	15.61	23.67	 h = BMP
17.07	14.63	6.31	0.0	3.01	1.87	0.29	0.0	33.29	1.29	22.24	 i = U
0.0	0.0	0.0	0.0	0.0	0.0	0.0	0.0	0.0	100.0	0.0	 j = DZ
17.23	27.44	4.99	0.0	5.22	1.13	0.45	0.0	0.0	0.68	42.86	 k = D
