Timestamp:2014-12-07-11:11:07
Inventario:I4
Intervalo:1ms
Ngramas:1
Clasificador:NaiveBayes
Relation Name:  I4-1ms-1gramas
Num Instances:  183404
Num Attributes: 11

     Name                      Type  Nom  Int Real     Missing      Unique  Dist
   1 0Int(dB)                   Num   0%   9%  91%     0 /  0%     3 /  0%   781 
   2 0Pitch(Hz)                 Num   0%  51%  49%     0 /  0%   256 /  0%  4213 
   3 0RawPitch                  Num   0%  55%  45%     0 /  0%   417 /  0%  4119 
   4 0SmPitch                   Num   0%  53%  47%     0 /  0%   263 /  0%  4193 
   5 0Melogram(st)              Num   0%  49%  51%     0 /  0%   133 /  0%  3454 
   6 0ZCross                    Num   0% 100%   0%     0 /  0%     4 /  0%    58 
   7 0F1(Hz)                    Num   0%  52%  48%     0 /  0%  1154 /  1%  4824 
   8 0F2(Hz)                    Num   0%  52%  48%     0 /  0%  2223 /  1%  6697 
   9 0F3(Hz)                    Num   0%  53%  47%     0 /  0%  1930 /  1%  6200 
  10 0F4(Hz)                    Num   0%  52%  48%     0 /  0%  1933 /  1%  6096 
  11 class                      Nom 100%   0%   0%     0 /  0%     0 /  0%    10 


Naive Bayes Classifier

                    Class
Attribute               C         E        FV        AI CDGKNRSYZ         O         0        LT         U       MBP
                   (0.01)    (0.07)    (0.01)    (0.19)    (0.16)    (0.07)    (0.39)    (0.04)    (0.02)    (0.03)
====================================================================================================================
0Int(dB)
  mean             -7.7106   -5.1788  -15.0107   -5.1271  -15.9524   -8.1757   -48.118  -16.5577   -5.0188  -12.2049
  std. dev.         7.9841    8.0296     8.868    9.5372    9.8275   12.2243   16.2751   11.8777    7.4803   10.5691
  weight sum          1083     13740      2561     35640     28459     13234     72117      6619      4137      5814
  precision         0.1037    0.1037    0.1037    0.1037    0.1037    0.1037    0.1037    0.1037    0.1037    0.1037

0Pitch(Hz)
  mean            211.7569  190.4015  129.6994  206.7814  117.2898  177.8211   16.7875  123.7462  229.5826  159.9332
  std. dev.        102.216   87.7758  107.2959   104.477  114.9223  105.3227   56.4047  104.5599   83.7347  110.8047
  weight sum          1083     13740      2561     35640     28459     13234     72117      6619      4137      5814
  precision         0.1184    0.1184    0.1184    0.1184    0.1184    0.1184    0.1184    0.1184    0.1184    0.1184

0RawPitch
  mean            201.5228  185.6605    104.69  196.9665   99.4493  172.1393   13.7653  102.8896  220.7885  148.2899
  std. dev.       112.8537   95.6276  103.2429  111.1278  115.1427  113.0491   51.2108  103.7161   92.5273  116.3341
  weight sum          1083     13740      2561     35640     28459     13234     72117      6619      4137      5814
  precision         0.1214    0.1214    0.1214    0.1214    0.1214    0.1214    0.1214    0.1214    0.1214    0.1214

0SmPitch
  mean            210.5612  189.0092  119.5928  204.7779  110.6566  175.6214   15.1791  117.6316  229.0387  155.3207
  std. dev.       103.5941   88.9353  104.4955  106.1403  115.1375  107.5646   52.6857  104.8077   84.1352  113.4664
  weight sum          1083     13740      2561     35640     28459     13234     72117      6619      4137      5814
  precision          0.119     0.119     0.119     0.119     0.119     0.119     0.119     0.119     0.119     0.119

0Melogram(st)
  mean             51.0349   50.4242   36.4608    50.676   30.2668   46.3993    4.9362   34.0968   54.2789    41.496
  std. dev.        17.9822   15.4261   25.2383   16.9756   27.5209   20.5969   15.6357   26.2191   13.7888   24.2847
  weight sum          1083     13740      2561     35640     28459     13234     72117      6619      4137      5814
  precision         0.0239    0.0239    0.0239    0.0239    0.0239    0.0239    0.0239    0.0239    0.0239    0.0239

0ZCross
  mean               4.602    5.2275    2.0522    6.5942    3.3206    4.3624    0.2613    2.1295    4.0827    2.5306
  std. dev.         2.8724     3.329    2.2158    4.7146    5.2929    3.0942     1.158    2.2623    2.9766    2.2366
  weight sum          1083     13740      2561     35640     28459     13234     72117      6619      4137      5814
  precision         1.0175    1.0175    1.0175    1.0175    1.0175    1.0175    1.0175    1.0175    1.0175    1.0175

0F1(Hz)
  mean            491.6499   466.604  376.1761  619.9649  317.5819   485.985   54.1437  289.2213  501.0702  370.5749
  std. dev.       194.3911  142.2478  278.4193  280.6192  281.5459  225.6523  166.9989  252.3268  305.5336   236.559
  weight sum          1083     13740      2561     35640     28459     13234     72117      6619      4137      5814
  precision         0.3611    0.3611    0.3611    0.3611    0.3611    0.3611    0.3611    0.3611    0.3611    0.3611

0F2(Hz)
  mean           1680.0266 1799.2434 1156.6522 1552.5994  998.9077  1138.609  169.6309  1015.283 1060.1575 1303.9361
  std. dev.       601.5161  511.5475  785.3266  544.4403  846.8404   531.629  518.0327  842.8887  414.9703  748.5317
  weight sum          1083     13740      2561     35640     28459     13234     72117      6619      4137      5814
  precision         0.4448    0.4448    0.4448    0.4448    0.4448    0.4448    0.4448    0.4448    0.4448    0.4448

0F3(Hz)
  mean           2884.1098 2635.6414 1966.8613 2661.7194 1731.5698 2503.6829  289.1552 1733.2514 2694.2989 2195.7732
  std. dev.       947.3313   764.297 1324.7402  829.0751 1439.1028 1021.0061  868.2099 1435.2739   752.613 1205.5074
  weight sum          1083     13740      2561     35640     28459     13234     72117      6619      4137      5814
  precision         0.6646    0.6646    0.6646    0.6646    0.6646    0.6646    0.6646    0.6646    0.6646    0.6646

0F4(Hz)
  mean           2927.2908 3173.7603 2355.3511 3101.5827 2001.0209 2879.5448  347.6649 1995.3469 3088.1777 2641.4866
  std. dev.       964.0065  884.9534 1550.8738  947.4372  1655.676 1156.4562 1041.4648 1639.3547  760.6201 1418.3454
  weight sum          1083     13740      2561     35640     28459     13234     72117      6619      4137      5814
  precision         0.6804    0.6804    0.6804    0.6804    0.6804    0.6804    0.6804    0.6804    0.6804    0.6804





=== Stratified cross-validation ===

Correctly Classified Instances      101669               55.4345 %
Incorrectly Classified Instances     81735               44.5655 %
Kappa statistic                          0.4112
K&B Relative Info Score            7266791.4058 %
K&B Information Score               184847.8814 bits      1.0079 bits/instance
Class complexity | order 0          466507.9452 bits      2.5436 bits/instance
Class complexity | scheme          1151477.8909 bits      6.2784 bits/instance
Complexity improvement     (Sf)    -684969.9457 bits     -3.7348 bits/instance
Mean absolute error                      0.0956
Root mean squared error                  0.2569
Relative absolute error                 62.1295 %
Root relative squared error             92.6085 %
Coverage of cases (0.95 level)          74.114  %
Mean rel. region size (0.95 level)      26.1586 %
Total Number of Instances           183404     


=== Detailed Accuracy By Class ===

                 TP Rate  FP Rate  Precision  Recall   F-Measure  MCC      ROC Area  PRC Area  Class
                 0,000    0,000    0,000      0,000    0,000      0,000    0,787     0,028     C
                 0,709    0,235    0,196      0,709    0,307      0,281    0,845     0,269     E
                 0,000    0,000    0,000      0,000    0,000      0,000    0,726     0,028     FV
                 0,562    0,101    0,573      0,562    0,567      0,464    0,849     0,596     AI
                 0,190    0,048    0,421      0,190    0,262      0,201    0,726     0,353     CDGKNRSYZ
                 0,044    0,006    0,361      0,044    0,078      0,105    0,775     0,199     O
                 0,894    0,150    0,795      0,894    0,842      0,732    0,950     0,948     0
                 0,000    0,000    0,000      0,000    0,000      0,000    0,713     0,077     LT
                 0,346    0,010    0,451      0,346    0,392      0,383    0,882     0,367     U
                 0,001    0,000    0,075      0,001    0,002      0,005    0,729     0,060     MBP
Weighted Avg.    0,554    0,104    0,543      0,554    0,519      0,447    0,854     0,591     


=== Confusion Matrix ===

     a     b     c     d     e     f     g     h     i     j   <-- classified as
     0   576     0   400    37     0    70     0     0     0 |     a = C
     0  9736     0  2666   745    17   550     0    14    12 |     b = E
     0  1211     0   334   308    27   667     0    14     0 |     c = FV
     0 11627     0 20015  1825   150  1978     0    38     7 |     d = AI
     0  9506     0  4172  5409   396  8662     0   279    35 |     e = CDGKNRSYZ
     0  5944     0  3373   864   578  1467     0  1008     0 |     f = O
     0  3714     0  1714  1934   165 64493     0    78    19 |     g = 0
     0  2931     0   607   945    60  2074     0     1     1 |     h = LT
     0  1382     0   864   242   139    78     0  1432     0 |     i = U
     0  3008     0   785   543    70  1092     0   310     6 |     j = MBP

=== Percent Confusion Matrix ===
a	b	c	d	e	f	g	h	i	j	
0.0	53.19	0.0	36.93	3.42	0.0	6.46	0.0	0.0	0.0	 a = C
0.0	70.86	0.0	19.4	5.42	0.12	4.0	0.0	0.1	0.09	 b = E
0.0	47.29	0.0	13.04	12.03	1.05	26.04	0.0	0.55	0.0	 c = FV
0.0	32.62	0.0	56.16	5.12	0.42	5.55	0.0	0.11	0.02	 d = AI
0.0	33.4	0.0	14.66	19.01	1.39	30.44	0.0	0.98	0.12	 e = CDGKNRSYZ
0.0	44.91	0.0	25.49	6.53	4.37	11.09	0.0	7.62	0.0	 f = O
0.0	5.15	0.0	2.38	2.68	0.23	89.43	0.0	0.11	0.03	 g = 0
0.0	44.28	0.0	9.17	14.28	0.91	31.33	0.0	0.02	0.02	 h = LT
0.0	33.41	0.0	20.88	5.85	3.36	1.89	0.0	34.61	0.0	 i = U
0.0	51.74	0.0	13.5	9.34	1.2	18.78	0.0	5.33	0.1	 j = MBP
