Timestamp:2014-12-07-11:19:04
Inventario:I4
Intervalo:15ms
Ngramas:1
Clasificador:NaiveBayes
Relation Name:  I4-15ms-1gramas
Num Instances:  12189
Num Attributes: 11

     Name                      Type  Nom  Int Real     Missing      Unique  Dist
   1 0Int(dB)                   Num   0%  10%  90%     0 /  0%    10 /  0%   768 
   2 0Pitch(Hz)                 Num   0%  50%  50%     0 /  0%   941 /  8%  2715 
   3 0RawPitch                  Num   0%  53%  47%     0 /  0%   979 /  8%  2609 
   4 0SmPitch                   Num   0%  51%  49%     0 /  0%   957 /  8%  2691 
   5 0Melogram(st)              Num   0%  46%  54%     0 /  0%   838 /  7%  2574 
   6 0ZCross                    Num   0% 100%   0%     0 /  0%    10 /  0%    40 
   7 0F1(Hz)                    Num   0%  50%  50%     0 /  0%  2281 / 19%  3977 
   8 0F2(Hz)                    Num   0%  50%  50%     0 /  0%  3848 / 32%  5158 
   9 0F3(Hz)                    Num   0%  50%  50%     0 /  0%  3419 / 28%  4850 
  10 0F4(Hz)                    Num   0%  50%  50%     0 /  0%  3319 / 27%  4764 
  11 class                      Nom 100%   0%   0%     0 /  0%     0 /  0%    10 


Naive Bayes Classifier

                    Class
Attribute               C         E        FV        AI CDGKNRSYZ         O         0        LT         U       MBP
                   (0.01)    (0.08)    (0.01)     (0.2)    (0.16)    (0.08)    (0.36)    (0.04)    (0.02)    (0.03)
====================================================================================================================
0Int(dB)
  mean             -7.3814   -5.5049  -14.3263   -5.5634  -15.8981   -8.3852  -50.5565  -17.1661   -5.5692  -12.4692
  std. dev.         7.5828    8.2833    8.9225    9.7169    9.9293   12.0282   13.7487   11.6644    7.6498    10.584
  weight sum            72       971       177      2492      1978       940      4418       457       285       399
  precision         0.1005    0.1005    0.1005    0.1005    0.1005    0.1005    0.1005    0.1005    0.1005    0.1005

0Pitch(Hz)
  mean            215.8451  189.9846   145.764  206.5395  129.4782  180.3637    9.3549  135.4247  231.3108  169.0755
  std. dev.        91.5699   87.3032  105.9069  101.8371  112.9128  102.9621   43.0244  103.0969   84.4017  105.9927
  weight sum            72       971       177      2492      1978       940      4418       457       285       399
  precision         0.1828    0.1828    0.1828    0.1828    0.1828    0.1828    0.1828    0.1828    0.1828    0.1828

0RawPitch
  mean            203.5794  186.8578  119.8712  197.2851  112.5058  174.1912    7.3655  114.3405  222.5963   155.219
  std. dev.       105.2011   91.2535  101.1981  106.4076  112.9306  108.1025   36.8692  104.3146   90.9444  111.9695
  weight sum            72       971       177      2492      1978       940      4418       457       285       399
  precision           0.19      0.19      0.19      0.19      0.19      0.19      0.19      0.19      0.19      0.19

0SmPitch
  mean            210.7412  188.6266  135.2172  204.8157  122.7236  178.2642    8.0608  127.4981  230.9021  164.9116
  std. dev.        98.1062   88.6539  102.9917  103.2111  113.5818  104.6347   38.1376  103.8429   84.0603  109.5012
  weight sum            72       971       177      2492      1978       940      4418       457       285       399
  precision         0.1841    0.1841    0.1841    0.1841    0.1841    0.1841    0.1841    0.1841    0.1841    0.1841

0Melogram(st)
  mean             51.6383   50.9897   40.8426   51.2928   34.0468   47.3663    3.0752   36.8907   54.7393   44.2448
  std. dev.        16.8042   14.4101   23.1702   15.7782   26.8437   19.6193     12.67   25.3688   13.2895   22.4965
  weight sum            72       971       177      2492      1978       940      4418       457       285       399
  precision         0.0321    0.0321    0.0321    0.0321    0.0321    0.0321    0.0321    0.0321    0.0321    0.0321

0ZCross
  mean              4.4562    4.8701    2.1179    6.0123    3.1132    4.0889    0.1006    1.8915    3.8532    2.3765
  std. dev.         2.5024    2.9907    2.1208    4.4254    4.6631     2.998    0.6799    2.0168    2.8492    2.1579
  weight sum            72       971       177      2492      1978       940      4418       457       285       399
  precision         1.1026    1.1026    1.1026    1.1026    1.1026    1.1026    1.1026    1.1026    1.1026    1.1026

0F1(Hz)
  mean            510.8869  469.1052  420.1259  617.6044   352.133  487.7924   34.4738  314.6902  504.5577  391.9946
  std. dev.       175.1628  136.7924  268.8685  272.6598  277.7886   218.941  138.1181  246.2031   299.786  227.7233
  weight sum            72       971       177      2492      1978       940      4418       457       285       399
  precision          0.438     0.438     0.438     0.438     0.438     0.438     0.438     0.438     0.438     0.438

0F2(Hz)
  mean           1734.4383 1803.6497 1256.0162 1569.0834 1104.7679 1164.8777  104.1463 1101.9861 1075.9553 1374.8709
  std. dev.       519.4319  490.0179  726.8151  525.9317  830.4125   526.346  412.9313  820.1762   411.661  707.8796
  weight sum            72       971       177      2492      1978       940      4418       457       285       399
  precision         0.5776    0.5776    0.5776    0.5776    0.5776    0.5776    0.5776    0.5776    0.5776    0.5776

0F3(Hz)
  mean           2990.6054 2651.8402 2156.9356 2684.0978 1904.5307 2529.7403  180.9432 1887.9603 2728.7599 2325.0319
  std. dev.       804.4948  731.0473 1243.2456  791.9699  1397.093  990.6689  703.1963 1394.7315   731.591 1133.6314
  weight sum            72       971       177      2492      1978       940      4418       457       285       399
  precision         0.8494    0.8494    0.8494    0.8494    0.8494    0.8494    0.8494    0.8494    0.8494    0.8494

0F4(Hz)
  mean           2990.2306 3206.8695 2560.0986 3131.1849 2202.8521 2916.3463  217.2031 2162.6617 3100.5588 2772.6162
  std. dev.       811.3198  845.6004 1438.2149  905.1559 1606.8749 1123.3047  842.5038 1587.2774  725.9921 1317.5612
  weight sum            72       971       177      2492      1978       940      4418       457       285       399
  precision         0.8707    0.8707    0.8707    0.8707    0.8707    0.8707    0.8707    0.8707    0.8707    0.8707





=== Stratified cross-validation ===

Correctly Classified Instances        6723               55.1563 %
Incorrectly Classified Instances      5466               44.8437 %
Kappa statistic                          0.4197
K&B Relative Info Score             492413.0182 %
K&B Information Score                12803.6097 bits      1.0504 bits/instance
Class complexity | order 0           31675.272  bits      2.5987 bits/instance
Class complexity | scheme            83199.3152 bits      6.8258 bits/instance
Complexity improvement     (Sf)     -51524.0432 bits     -4.2271 bits/instance
Mean absolute error                      0.0964
Root mean squared error                  0.2549
Relative absolute error                 61.3705 %
Root relative squared error             90.9923 %
Coverage of cases (0.95 level)          76.405  %
Mean rel. region size (0.95 level)      28.0007 %
Total Number of Instances            12189     


=== Detailed Accuracy By Class ===

                 TP Rate  FP Rate  Precision  Recall   F-Measure  MCC      ROC Area  PRC Area  Class
                 0,000    0,000    0,000      0,000    0,000      0,000    0,766     0,021     C
                 0,711    0,248    0,199      0,711    0,311      0,278    0,840     0,290     E
                 0,000    0,000    0,000      0,000    0,000      0,000    0,730     0,029     FV
                 0,549    0,111    0,560      0,549    0,554      0,441    0,840     0,583     AI
                 0,203    0,049    0,443      0,203    0,279      0,216    0,731     0,374     CDGKNRSYZ
                 0,037    0,005    0,402      0,037    0,068      0,103    0,770     0,221     O
                 0,935    0,120    0,816      0,935    0,871      0,795    0,971     0,965     0
                 0,000    0,000    0,000      0,000    0,000      -0,003   0,716     0,081     LT
                 0,351    0,010    0,455      0,351    0,396      0,387    0,876     0,344     U
                 0,000    0,000    0,000      0,000    0,000      -0,002   0,736     0,064     MBP
Weighted Avg.    0,552    0,094    0,540      0,552    0,514      0,452    0,855     0,584     


=== Confusion Matrix ===

    a    b    c    d    e    f    g    h    i    j   <-- classified as
    0   39    0   27    3    0    3    0    0    0 |    a = C
    0  690    0  194   50    0   33    0    4    0 |    b = E
    0   92    0   29   20    2   34    0    0    0 |    c = FV
    0  872    0 1367  133    2  115    0    2    1 |    d = AI
    0  712    0  348  402   23  473    0   20    0 |    e = CDGKNRSYZ
    0  438    0  229   70   35   94    0   74    0 |    f = O
    0  106    0   74   99    6 4129    1    3    0 |    g = 0
    0  209    0   53   69    5  121    0    0    0 |    h = LT
    0   91    0   62   18   11    3    0  100    0 |    i = U
    0  221    0   58   43    3   56    1   17    0 |    j = MBP

=== Percent Confusion Matrix ===
a	b	c	d	e	f	g	h	i	j	
0.0	54.17	0.0	37.5	4.17	0.0	4.17	0.0	0.0	0.0	 a = C
0.0	71.06	0.0	19.98	5.15	0.0	3.4	0.0	0.41	0.0	 b = E
0.0	51.98	0.0	16.38	11.3	1.13	19.21	0.0	0.0	0.0	 c = FV
0.0	34.99	0.0	54.86	5.34	0.08	4.61	0.0	0.08	0.04	 d = AI
0.0	36.0	0.0	17.59	20.32	1.16	23.91	0.0	1.01	0.0	 e = CDGKNRSYZ
0.0	46.6	0.0	24.36	7.45	3.72	10.0	0.0	7.87	0.0	 f = O
0.0	2.4	0.0	1.67	2.24	0.14	93.46	0.02	0.07	0.0	 g = 0
0.0	45.73	0.0	11.6	15.1	1.09	26.48	0.0	0.0	0.0	 h = LT
0.0	31.93	0.0	21.75	6.32	3.86	1.05	0.0	35.09	0.0	 i = U
0.0	55.39	0.0	14.54	10.78	0.75	14.04	0.25	4.26	0.0	 j = MBP
