Timestamp:2014-12-07-11:18:38
Inventario:I4
Intervalo:10ms
Ngramas:1
Clasificador:NaiveBayes
Relation Name:  I4-10ms-1gramas
Num Instances:  18296
Num Attributes: 11

     Name                      Type  Nom  Int Real     Missing      Unique  Dist
   1 0Int(dB)                   Num   0%  10%  90%     0 /  0%     7 /  0%   772 
   2 0Pitch(Hz)                 Num   0%  51%  49%     0 /  0%   817 /  4%  3064 
   3 0RawPitch                  Num   0%  54%  46%     0 /  0%   854 /  5%  2956 
   4 0SmPitch                   Num   0%  52%  48%     0 /  0%   828 /  5%  3025 
   5 0Melogram(st)              Num   0%  47%  53%     0 /  0%   582 /  3%  2808 
   6 0ZCross                    Num   0% 100%   0%     0 /  0%    10 /  0%    42 
   7 0F1(Hz)                    Num   0%  51%  49%     0 /  0%  2131 / 12%  4724 
   8 0F2(Hz)                    Num   0%  51%  49%     0 /  0%  4210 / 23%  6615 
   9 0F3(Hz)                    Num   0%  51%  49%     0 /  0%  3688 / 20%  6145 
  10 0F4(Hz)                    Num   0%  51%  49%     0 /  0%  3689 / 20%  6054 
  11 class                      Nom 100%   0%   0%     0 /  0%     0 /  0%    10 


Naive Bayes Classifier

                    Class
Attribute               C         E        FV        AI CDGKNRSYZ         O         0        LT         U       MBP
                   (0.01)    (0.08)    (0.01)     (0.2)    (0.16)    (0.08)    (0.37)    (0.04)    (0.02)    (0.03)
====================================================================================================================
0Int(dB)
  mean              -7.615   -5.4216  -14.8768   -5.4273   -15.907   -8.3525  -49.8193   -17.257   -5.5461  -12.4295
  std. dev.         7.8549    8.2134    8.5952    9.7157    9.8974   12.1594   14.6142   11.8848    7.9501   10.5978
  weight sum           107      1438       261      3688      2933      1377      6798       677       423       594
  precision         0.1005    0.1005    0.1005    0.1005    0.1005    0.1005    0.1005    0.1005    0.1005    0.1005

0Pitch(Hz)
  mean            217.1294  190.3918  138.4937  206.5475  125.7212  179.1301   11.8101  127.2198  230.9859  166.0775
  std. dev.          97.99   87.4257  106.1938  102.6023  113.8857   103.979   47.8952  104.5917   83.0165  107.8218
  weight sum           107      1438       261      3688      2933      1377      6798       677       423       594
  precision         0.1626    0.1626    0.1626    0.1626    0.1626    0.1626    0.1626    0.1626    0.1626    0.1626

0RawPitch
  mean             203.988  186.9416  114.3432  196.5165  108.2636  172.8881    9.4583  108.5129  221.8351  152.1597
  std. dev.       111.7049   92.1579  102.4081  107.8174  114.0645  110.0663   41.8694  102.4682   90.5835   112.921
  weight sum           107      1438       261      3688      2933      1377      6798       677       423       594
  precision         0.1679    0.1679    0.1679    0.1679    0.1679    0.1679    0.1679    0.1679    0.1679    0.1679

0SmPitch
  mean            215.3063  188.8901  131.3637  204.4857  119.6298  177.1958    10.221  122.4141  230.1655   161.354
  std. dev.       100.1796   88.8533  103.6517  104.2821  114.6634  105.5718   43.0507  104.5656   83.5323   110.475
  weight sum           107      1438       261      3688      2933      1377      6798       677       423       594
  precision         0.1647    0.1647    0.1647    0.1647    0.1647    0.1647    0.1647    0.1647    0.1647    0.1647

0Melogram(st)
  mean             51.8536    50.757   39.8199   51.1396   32.9778   46.9889    3.6592   35.8749   54.7081   43.3262
  std. dev.        16.9829   14.7786   23.9008   16.1076   27.1031   20.0024   13.7149   25.7164      13.2   23.0622
  weight sum           107      1438       261      3688      2933      1377      6798       677       423       594
  precision         0.0294    0.0294    0.0294    0.0294    0.0294    0.0294    0.0294    0.0294    0.0294    0.0294

0ZCross
  mean              4.3613    4.8831     1.892    6.1024    3.1024    4.0329    0.1407    1.8063     3.713    2.2589
  std. dev.         2.7409    3.1607    1.9842    4.5486    4.8997    2.9611    0.7913    2.0083    2.8728    2.0707
  weight sum           107      1438       261      3688      2933      1377      6798       677       423       594
  precision         1.2927    1.2927    1.2927    1.2927    1.2927    1.2927    1.2927    1.2927    1.2927    1.2927

0F1(Hz)
  mean            500.5551  467.7497  399.7197  620.2592  340.6224  488.3137   40.0583  301.5955  499.4556  383.8168
  std. dev.       184.0787  137.6849  273.4014  272.7775  280.0634  220.1308  146.5136  251.2771   302.477  232.2972
  weight sum           107      1438       261      3688      2933      1377      6798       677       423       594
  precision         0.3688    0.3688    0.3688    0.3688    0.3688    0.3688    0.3688    0.3688    0.3688    0.3688

0F2(Hz)
  mean            1706.467 1804.3312 1203.5318 1571.1457 1064.7521 1157.6298  123.4513 1056.1009 1072.0404 1349.6905
  std. dev.       559.5245  496.1344  754.0967  523.0015   835.656  525.4581  446.9262  834.8657  424.8655  728.3086
  weight sum           107      1438       261      3688      2933      1377      6798       677       423       594
  precision         0.4504    0.4504    0.4504    0.4504    0.4504    0.4504    0.4504    0.4504    0.4504    0.4504

0F3(Hz)
  mean           2943.5343 2653.2835 2069.2644  2688.852 1843.0025 2526.8298  212.0061 1805.2244 2703.6172 2268.8241
  std. dev.       876.6084  742.6344 1282.9054  785.4546 1412.8812  995.0347  754.1838 1419.6008  758.4179 1165.0514
  weight sum           107      1438       261      3688      2933      1377      6798       677       423       594
  precision         0.6705    0.6705    0.6705    0.6705    0.6705    0.6705    0.6705    0.6705    0.6705    0.6705

0F4(Hz)
  mean           2953.1522 3189.0151 2471.0333 3135.5866 2133.8449 2910.5036  255.9653 2071.6081 3086.4504 2720.5333
  std. dev.       883.5322  856.4692 1495.7988  897.0935 1628.0142 1127.9374  908.2983 1617.3773  766.0819 1363.5495
  weight sum           107      1438       261      3688      2933      1377      6798       677       423       594
  precision         0.6851    0.6851    0.6851    0.6851    0.6851    0.6851    0.6851    0.6851    0.6851    0.6851





=== Stratified cross-validation ===

Correctly Classified Instances       10158               55.5203 %
Incorrectly Classified Instances      8138               44.4797 %
Kappa statistic                          0.4198
K&B Relative Info Score             738408.9819 %
K&B Information Score                19073.7912 bits      1.0425 bits/instance
Class complexity | order 0           47243.3901 bits      2.5822 bits/instance
Class complexity | scheme           117625.4748 bits      6.429  bits/instance
Complexity improvement     (Sf)     -70382.0846 bits     -3.8469 bits/instance
Mean absolute error                      0.0957
Root mean squared error                  0.2551
Relative absolute error                 61.3175 %
Root relative squared error             91.3242 %
Coverage of cases (0.95 level)          75.7379 %
Mean rel. region size (0.95 level)      27.0562 %
Total Number of Instances            18296     


=== Detailed Accuracy By Class ===

                 TP Rate  FP Rate  Precision  Recall   F-Measure  MCC      ROC Area  PRC Area  Class
                 0,000    0,000    0,000      0,000    0,000      0,000    0,778     0,024     C
                 0,706    0,237    0,202      0,706    0,315      0,283    0,842     0,281     E
                 0,000    0,000    0,000      0,000    0,000      0,000    0,737     0,030     FV
                 0,570    0,115    0,556      0,570    0,563      0,451    0,843     0,596     AI
                 0,193    0,046    0,443      0,193    0,269      0,211    0,728     0,367     CDGKNRSYZ
                 0,044    0,005    0,432      0,044    0,079      0,118    0,773     0,217     O
                 0,923    0,132    0,806      0,923    0,860      0,773    0,965     0,960     0
                 0,001    0,000    0,500      0,001    0,003      0,026    0,711     0,078     LT
                 0,333    0,009    0,472      0,333    0,391      0,385    0,875     0,365     U
                 0,003    0,000    0,500      0,003    0,007      0,039    0,735     0,065     MBP
Weighted Avg.    0,555    0,099    0,577      0,555    0,516      0,454    0,855     0,588     


=== Confusion Matrix ===

    a    b    c    d    e    f    g    h    i    j   <-- classified as
    0   60    0   37    5    0    5    0    0    0 |    a = C
    0 1015    0  294   70    2   56    0    1    0 |    b = E
    0  120    0   51   29    3   56    0    2    0 |    c = FV
    0 1208    0 2102  191    3  178    0    6    0 |    d = AI
    0 1014    0  518  565   36  772    0   28    0 |    e = CDGKNRSYZ
    0  626    0  365   91   60  144    0   91    0 |    f = O
    0  221    0  141  150    8 6272    1    3    2 |    g = 0
    0  298    0   83   93    5  197    1    0    0 |    h = LT
    0  141    0   91   27   16    7    0  141    0 |    i = U
    0  310    0   97   54    6   98    0   27    2 |    j = MBP

=== Percent Confusion Matrix ===
a	b	c	d	e	f	g	h	i	j	
0.0	56.07	0.0	34.58	4.67	0.0	4.67	0.0	0.0	0.0	 a = C
0.0	70.58	0.0	20.45	4.87	0.14	3.89	0.0	0.07	0.0	 b = E
0.0	45.98	0.0	19.54	11.11	1.15	21.46	0.0	0.77	0.0	 c = FV
0.0	32.75	0.0	57.0	5.18	0.08	4.83	0.0	0.16	0.0	 d = AI
0.0	34.57	0.0	17.66	19.26	1.23	26.32	0.0	0.95	0.0	 e = CDGKNRSYZ
0.0	45.46	0.0	26.51	6.61	4.36	10.46	0.0	6.61	0.0	 f = O
0.0	3.25	0.0	2.07	2.21	0.12	92.26	0.01	0.04	0.03	 g = 0
0.0	44.02	0.0	12.26	13.74	0.74	29.1	0.15	0.0	0.0	 h = LT
0.0	33.33	0.0	21.51	6.38	3.78	1.65	0.0	33.33	0.0	 i = U
0.0	52.19	0.0	16.33	9.09	1.01	16.5	0.0	4.55	0.34	 j = MBP
