Timestamp:2014-12-07-11:14:51
Inventario:I4
Intervalo:2ms
Ngramas:1
Clasificador:NaiveBayes
Relation Name:  I4-2ms-1gramas
Num Instances:  91703
Num Attributes: 11

     Name                      Type  Nom  Int Real     Missing      Unique  Dist
   1 0Int(dB)                   Num   0%   9%  91%     0 /  0%     6 /  0%   781 
   2 0Pitch(Hz)                 Num   0%  52%  48%     0 /  0%   471 /  1%  4016 
   3 0RawPitch                  Num   0%  55%  45%     0 /  0%   550 /  1%  4014 
   4 0SmPitch                   Num   0%  53%  47%     0 /  0%   491 /  1%  3998 
   5 0Melogram(st)              Num   0%  49%  51%     0 /  0%   212 /  0%  3363 
   6 0ZCross                    Num   0% 100%   0%     0 /  0%     6 /  0%    54 
   7 0F1(Hz)                    Num   0%  52%  48%     0 /  0%  1126 /  1%  4776 
   8 0F2(Hz)                    Num   0%  52%  48%     0 /  0%  2304 /  3%  6727 
   9 0F3(Hz)                    Num   0%  52%  48%     0 /  0%  1967 /  2%  6224 
  10 0F4(Hz)                    Num   0%  52%  48%     0 /  0%  1884 /  2%  6074 
  11 class                      Nom 100%   0%   0%     0 /  0%     0 /  0%    10 


Naive Bayes Classifier

                    Class
Attribute               C         E        FV        AI CDGKNRSYZ         O         0        LT         U       MBP
                   (0.01)    (0.08)    (0.01)     (0.2)    (0.16)    (0.07)    (0.39)    (0.04)    (0.02)    (0.03)
====================================================================================================================
0Int(dB)
  mean              -7.722    -5.199  -15.0003   -5.1495  -15.9854   -8.1936  -48.3069  -16.6795   -5.0927  -12.2641
  std. dev.         8.0048    8.0531    8.8607    9.5526    9.8409   12.2208   16.1112   11.8938    7.5769   10.5968
  weight sum           544      6910      1286     17894     14272      6646     35833      3323      2080      2915
  precision         0.1037    0.1037    0.1037    0.1037    0.1037    0.1037    0.1037    0.1037    0.1037    0.1037

0Pitch(Hz)
  mean            211.6788  190.3791  130.8258  206.8542  118.0636  178.0537   16.3378  124.0299  229.8416  160.3717
  std. dev.       101.7909   87.7367  107.1381  104.2462  114.8509  105.2226    55.727  104.2993   83.5753  110.4325
  weight sum           544      6910      1286     17894     14272      6646     35833      3323      2080      2915
  precision         0.1242    0.1242    0.1242    0.1242    0.1242    0.1242    0.1242    0.1242    0.1242    0.1242

0RawPitch
  mean            201.3727   185.837  105.9763  197.1202  100.4456  172.2852   13.3724  103.3888  220.9278  148.5095
  std. dev.       112.4119   95.0002  102.9581  110.4483  114.9131  112.5036   50.3479  103.4883   92.1417  115.8451
  weight sum           544      6910      1286     17894     14272      6646     35833      3323      2080      2915
  precision         0.1243    0.1243    0.1243    0.1243    0.1243    0.1243    0.1243    0.1243    0.1243    0.1243

0SmPitch
  mean            210.3094  188.9642  120.6473  204.8316  111.5176  175.9682   14.7403  117.7377  229.2536  155.6124
  std. dev.       103.3642   88.9263  104.2291  105.9186  115.1141  107.3853   51.9288  104.6743   84.0032  113.2741
  weight sum           544      6910      1286     17894     14272      6646     35833      3323      2080      2915
  precision         0.1248    0.1248    0.1248    0.1248    0.1248    0.1248    0.1248    0.1248    0.1248    0.1248

0Melogram(st)
  mean             51.0353   50.4842   37.0069   50.7681    30.483   46.4749    4.8253   34.2384   54.3072   41.6893
  std. dev.         17.943   15.3213   25.0249   16.8283   27.5007   20.5262   15.4829   26.1713   13.7628   24.1614
  weight sum           544      6910      1286     17894     14272      6646     35833      3323      2080      2915
  precision         0.0246    0.0246    0.0246    0.0246    0.0246    0.0246    0.0246    0.0246    0.0246    0.0246

0ZCross
  mean              4.6044    5.2438    2.0698    6.4418    3.3021    4.4237    0.2484    2.1221    4.1111    2.5583
  std. dev.         2.7858    3.2168    2.2498    4.5637    5.2362    3.0692    1.1311    2.2739    2.9164    2.2519
  weight sum           544      6910      1286     17894     14272      6646     35833      3323      2080      2915
  precision         1.0755    1.0755    1.0755    1.0755    1.0755    1.0755    1.0755    1.0755    1.0755    1.0755

0F1(Hz)
  mean            493.4169  466.4894  378.5922  619.8036  320.2273  486.2046   52.7313  290.5839  500.6341   372.086
  std. dev.       193.2624  142.2388  277.5826  279.9888  281.5947  225.0865  165.0978   252.194  305.2064  236.0116
  weight sum           544      6910      1286     17894     14272      6646     35833      3323      2080      2915
  precision         0.3648    0.3648    0.3648    0.3648    0.3648    0.3648    0.3648    0.3648    0.3648    0.3648

0F2(Hz)
  mean           1683.3446 1798.4442 1163.3139 1553.8822  1006.274 1140.7371  165.1112 1019.3641 1061.2779 1309.1173
  std. dev.       595.5085  511.8666   782.141  542.8849  846.0934  531.1147  511.8582   841.803  416.4942    746.06
  weight sum           544      6910      1286     17894     14272      6646     35833      3323      2080      2915
  precision         0.4429    0.4429    0.4429    0.4429    0.4429    0.4429    0.4429    0.4429    0.4429    0.4429

0F3(Hz)
  mean           2891.9207 2634.9785 1978.2255 2663.3296 1744.4101 2506.4348  281.5167 1740.5426 2694.0925 2204.7048
  std. dev.       938.3439  764.1593 1318.9077  825.8325 1437.4155 1018.6433  858.0435 1433.4142  755.1652 1201.2074
  weight sum           544      6910      1286     17894     14272      6646     35833      3323      2080      2915
  precision          0.662     0.662     0.662     0.662     0.662     0.662     0.662     0.662     0.662     0.662

0F4(Hz)
  mean           2931.5846   3174.33 2370.2376 3104.1869 2014.7764 2882.7851  338.5076 2004.3629 3086.3027 2650.5175
  std. dev.       953.5669  885.5429 1544.5093  943.9157 1652.7489 1153.5603 1029.3862 1637.7366   763.546 1411.8243
  weight sum           544      6910      1286     17894     14272      6646     35833      3323      2080      2915
  precision         0.6829    0.6829    0.6829    0.6829    0.6829    0.6829    0.6829    0.6829    0.6829    0.6829





=== Stratified cross-validation ===

Correctly Classified Instances       50811               55.4082 %
Incorrectly Classified Instances     40892               44.5918 %
Kappa statistic                          0.4117
K&B Relative Info Score            3633184.1979 %
K&B Information Score                92603.6922 bits      1.0098 bits/instance
Class complexity | order 0          233717.1164 bits      2.5486 bits/instance
Class complexity | scheme           578254.0177 bits      6.3057 bits/instance
Complexity improvement     (Sf)    -344536.9013 bits     -3.7571 bits/instance
Mean absolute error                      0.0959
Root mean squared error                  0.2569
Relative absolute error                 62.169  %
Root relative squared error             92.5086 %
Coverage of cases (0.95 level)          74.2898 %
Mean rel. region size (0.95 level)      26.3059 %
Total Number of Instances            91703     


=== Detailed Accuracy By Class ===

                 TP Rate  FP Rate  Precision  Recall   F-Measure  MCC      ROC Area  PRC Area  Class
                 0,000    0,000    0,000      0,000    0,000      0,000    0,785     0,026     C
                 0,709    0,236    0,197      0,709    0,308      0,281    0,844     0,272     E
                 0,000    0,000    0,000      0,000    0,000      0,000    0,726     0,029     FV
                 0,559    0,104    0,567      0,559    0,563      0,458    0,847     0,591     AI
                 0,193    0,048    0,426      0,193    0,266      0,205    0,726     0,355     CDGKNRSYZ
                 0,042    0,006    0,364      0,042    0,075      0,103    0,774     0,199     O
                 0,897    0,147    0,797      0,897    0,844      0,737    0,951     0,949     0
                 0,000    0,000    0,000      0,000    0,000      0,000    0,711     0,078     LT
                 0,343    0,009    0,470      0,343    0,396      0,390    0,880     0,364     U
                 0,001    0,000    0,054      0,001    0,001      0,003    0,728     0,060     MBP
Weighted Avg.    0,554    0,103    0,542      0,554    0,519      0,447    0,853     0,590     


=== Confusion Matrix ===

     a     b     c     d     e     f     g     h     i     j   <-- classified as
     0   289     0   201    20     0    34     0     0     0 |     a = C
     0  4900     0  1342   374     8   275     0     6     5 |     b = E
     0   609     0   174   154    16   327     0     6     0 |     c = FV
     0  5911     0 10010   912    62   979     0    18     2 |     d = AI
     0  4748     0  2179  2760   197  4252     0   119    17 |     e = CDGKNRSYZ
     0  2996     0  1710   441   277   731     0   490     1 |     f = O
     0  1768     0   857   941    76 32149     0    33     9 |     g = 0
     0  1464     0   320   481    28  1029     0     0     1 |     h = LT
     0   693     0   443   125    66    40     0   713     0 |     i = U
     0  1512     0   421   276    32   540     0   132     2 |     j = MBP

=== Percent Confusion Matrix ===
a	b	c	d	e	f	g	h	i	j	
0.0	53.13	0.0	36.95	3.68	0.0	6.25	0.0	0.0	0.0	 a = C
0.0	70.91	0.0	19.42	5.41	0.12	3.98	0.0	0.09	0.07	 b = E
0.0	47.36	0.0	13.53	11.98	1.24	25.43	0.0	0.47	0.0	 c = FV
0.0	33.03	0.0	55.94	5.1	0.35	5.47	0.0	0.1	0.01	 d = AI
0.0	33.27	0.0	15.27	19.34	1.38	29.79	0.0	0.83	0.12	 e = CDGKNRSYZ
0.0	45.08	0.0	25.73	6.64	4.17	11.0	0.0	7.37	0.02	 f = O
0.0	4.93	0.0	2.39	2.63	0.21	89.72	0.0	0.09	0.03	 g = 0
0.0	44.06	0.0	9.63	14.47	0.84	30.97	0.0	0.0	0.03	 h = LT
0.0	33.32	0.0	21.3	6.01	3.17	1.92	0.0	34.28	0.0	 i = U
0.0	51.87	0.0	14.44	9.47	1.1	18.52	0.0	4.53	0.07	 j = MBP
