Timestamp:2014-12-07-11:19:24
Inventario:I4
Intervalo:20ms
Ngramas:1
Clasificador:NaiveBayes
Relation Name:  I4-20ms-1gramas
Num Instances:  9129
Num Attributes: 11

     Name                      Type  Nom  Int Real     Missing      Unique  Dist
   1 0Int(dB)                   Num   0%  11%  89%     0 /  0%    14 /  0%   764 
   2 0Pitch(Hz)                 Num   0%  49%  51%     0 /  0%  1033 / 11%  2440 
   3 0RawPitch                  Num   0%  52%  48%     0 /  0%  1062 / 12%  2369 
   4 0SmPitch                   Num   0%  50%  50%     0 /  0%  1056 / 12%  2419 
   5 0Melogram(st)              Num   0%  45%  55%     0 /  0%   938 / 10%  2342 
   6 0ZCross                    Num   0% 100%   0%     0 /  0%     7 /  0%    34 
   7 0F1(Hz)                    Num   0%  49%  51%     0 /  0%  2180 / 24%  3398 
   8 0F2(Hz)                    Num   0%  49%  51%     0 /  0%  3463 / 38%  4259 
   9 0F3(Hz)                    Num   0%  49%  51%     0 /  0%  3209 / 35%  4087 
  10 0F4(Hz)                    Num   0%  49%  51%     0 /  0%  3134 / 34%  4027 
  11 class                      Nom 100%   0%   0%     0 /  0%     0 /  0%    10 


Naive Bayes Classifier

                    Class
Attribute               C         E        FV        AI CDGKNRSYZ         O         0        LT         U       MBP
                   (0.01)    (0.08)    (0.02)    (0.21)    (0.16)    (0.08)    (0.35)    (0.04)    (0.02)    (0.03)
====================================================================================================================
0Int(dB)
  mean             -7.0534   -5.6493  -13.9655   -5.7449  -15.7971   -8.6644  -50.8564  -17.4982   -5.9413  -12.4527
  std. dev.         7.2104    8.2505    8.9902     9.854   10.0362   12.1183   13.3638   11.8095    8.0011   10.4872
  weight sum            60       746       138      1890      1492       712      3237       337       218       299
  precision         0.1008    0.1008    0.1008    0.1008    0.1008    0.1008    0.1008    0.1008    0.1008    0.1008

0Pitch(Hz)
  mean            218.8243  192.4898  152.2312  207.0853  132.8157  180.2959    8.6334  134.4525  232.3523  173.7208
  std. dev.        91.1227    85.636   105.769  101.2713  111.5383  103.4062    41.208  102.4065   82.3117  104.0157
  weight sum            60       746       138      1890      1492       712      3237       337       218       299
  precision         0.2034    0.2034    0.2034    0.2034    0.2034    0.2034    0.2034    0.2034    0.2034    0.2034

0RawPitch
  mean             208.067  188.8553  123.0765  197.2545  116.9894  174.0908    6.9028  117.7033  222.5693  156.9007
  std. dev.       103.6798   89.4789  101.8456  105.5731  113.2715  108.0935   35.4936   100.554   89.8429  112.4322
  weight sum            60       746       138      1890      1492       712      3237       337       218       299
  precision         0.2088    0.2088    0.2088    0.2088    0.2088    0.2088    0.2088    0.2088    0.2088    0.2088

0SmPitch
  mean            218.8205  191.6241  141.6009  204.9536  126.5887   178.962    7.4117  129.9862  232.3227  169.8194
  std. dev.        91.1003   86.4181  100.3995   102.809   113.174  104.3249   36.4626  103.4114   82.2366  107.6346
  weight sum            60       746       138      1890      1492       712      3237       337       218       299
  precision         0.2051    0.2051    0.2051    0.2051    0.2051    0.2051    0.2051    0.2051    0.2051    0.2051

0Melogram(st)
  mean             52.6041   51.3162   42.7509   51.5425   34.9184   47.7311    2.7455   37.2674   54.9086   45.7719
  std. dev.         15.467   13.9659   21.9334    15.403   26.5879   19.2227   12.0014     25.16   12.8002   21.2519
  weight sum            60       746       138      1890      1492       712      3237       337       218       299
  precision         0.0352    0.0352    0.0352    0.0352    0.0352    0.0352    0.0352    0.0352    0.0352    0.0352

0ZCross
  mean              4.5394    4.8248    2.0843     5.996    3.0249    3.9665    0.0853    1.7259     3.573    2.2092
  std. dev.         2.7234    3.1533    2.0439    4.4913    4.5236    3.0096    0.6289    1.9229    2.8222     2.095
  weight sum            60       746       138      1890      1492       712      3237       337       218       299
  precision         1.2727    1.2727    1.2727    1.2727    1.2727    1.2727    1.2727    1.2727    1.2727    1.2727

0F1(Hz)
  mean            515.8111  468.1216  433.0067   615.906  368.2728  487.9887    33.621  316.5033  498.1345  402.1692
  std. dev.       169.9361  135.4424  254.6457  272.7293  275.5213  219.6408   134.961  252.9541  299.1257  226.7452
  weight sum            60       746       138      1890      1492       712      3237       337       218       299
  precision         0.5127    0.5127    0.5127    0.5127    0.5127    0.5127    0.5127    0.5127    0.5127    0.5127

0F2(Hz)
  mean           1760.2472 1802.3085 1302.5905 1566.9415  1148.689 1165.7924  104.5544 1089.5516 1080.7158 1402.7174
  std. dev.       487.7326  487.8366  701.6256  524.5783  816.6269  525.3227  415.7714  822.0275  431.8771  694.7863
  weight sum            60       746       138      1890      1492       712      3237       337       218       299
  precision         0.6985    0.6985    0.6985    0.6985    0.6985    0.6985    0.6985    0.6985    0.6985    0.6985

0F3(Hz)
  mean           3010.0232 2662.4498 2220.2677 2687.9673  1977.294 2534.4259  178.3613 1870.3153 2714.6841 2362.4099
  std. dev.       754.1328   729.876 1179.8092  790.7356 1368.7255  989.9708  693.8699   1399.63  768.9985 1105.7815
  weight sum            60       746       138      1890      1492       712      3237       337       218       299
  precision         1.0065    1.0065    1.0065    1.0065    1.0065    1.0065    1.0065    1.0065    1.0065    1.0065

0F4(Hz)
  mean           3016.1717 3199.5596 2671.4019 3127.4192 2295.2013 2913.9175  219.7749 2143.5804  3074.217 2816.8308
  std. dev.       763.1423  841.1377 1380.3083  903.1757 1579.9142 1121.3472  852.8379 1592.9551  772.1011 1281.9538
  weight sum            60       746       138      1890      1492       712      3237       337       218       299
  precision         1.0301    1.0301    1.0301    1.0301    1.0301    1.0301    1.0301    1.0301    1.0301    1.0301





=== Stratified cross-validation ===

Correctly Classified Instances        4978               54.5295 %
Incorrectly Classified Instances      4151               45.4705 %
Kappa statistic                          0.4155
K&B Relative Info Score             366274.1311 %
K&B Information Score                 9585.3078 bits      1.05   bits/instance
Class complexity | order 0           23873.9636 bits      2.6152 bits/instance
Class complexity | scheme            61531.395  bits      6.7402 bits/instance
Complexity improvement     (Sf)     -37657.4314 bits     -4.125  bits/instance
Mean absolute error                      0.0976
Root mean squared error                  0.2553
Relative absolute error                 61.8366 %
Root relative squared error             90.9084 %
Coverage of cases (0.95 level)          76.7773 %
Mean rel. region size (0.95 level)      29.1719 %
Total Number of Instances             9129     


=== Detailed Accuracy By Class ===

                 TP Rate  FP Rate  Precision  Recall   F-Measure  MCC      ROC Area  PRC Area  Class
                 0,017    0,001    0,071      0,017    0,027      0,031    0,748     0,021     C
                 0,716    0,253    0,201      0,716    0,314      0,279    0,836     0,281     E
                 0,000    0,000    0,000      0,000    0,000      0,000    0,732     0,031     FV
                 0,538    0,116    0,547      0,538    0,542      0,424    0,832     0,578     AI
                 0,198    0,048    0,447      0,198    0,274      0,214    0,731     0,376     CDGKNRSYZ
                 0,039    0,004    0,475      0,039    0,073      0,119    0,766     0,229     O
                 0,935    0,112    0,821      0,935    0,874      0,802    0,973     0,966     0
                 0,018    0,004    0,136      0,018    0,031      0,037    0,712     0,081     LT
                 0,321    0,008    0,490      0,321    0,388      0,385    0,866     0,337     U
                 0,003    0,001    0,100      0,003    0,006      0,013    0,738     0,066     MBP
Weighted Avg.    0,545    0,093    0,551      0,545    0,509      0,451    0,852     0,578     


=== Confusion Matrix ===

    a    b    c    d    e    f    g    h    i    j   <-- classified as
    1   35    0   20    2    0    2    0    0    0 |    a = C
    5  534    0  142   35    0   25    2    3    0 |    b = E
    0   71    0   28   15    0   22    1    0    1 |    c = FV
    2  673    0 1016  102    1   82   12    1    1 |    d = AI
    6  547    0  278  295   10  322   14   14    6 |    e = CDGKNRSYZ
    0  338    0  183   50   28   72    1   40    0 |    f = O
    0   62    0   54   85    5 3027    3    1    0 |    g = 0
    0  156    0   42   39    3   90    6    0    1 |    h = LT
    0   76    0   46    9    9    3    5   70    0 |    i = U
    0  163    0   48   28    3   42    0   14    1 |    j = MBP

=== Percent Confusion Matrix ===
a	b	c	d	e	f	g	h	i	j	
1.67	58.33	0.0	33.33	3.33	0.0	3.33	0.0	0.0	0.0	 a = C
0.67	71.58	0.0	19.03	4.69	0.0	3.35	0.27	0.4	0.0	 b = E
0.0	51.45	0.0	20.29	10.87	0.0	15.94	0.72	0.0	0.72	 c = FV
0.11	35.61	0.0	53.76	5.4	0.05	4.34	0.63	0.05	0.05	 d = AI
0.4	36.66	0.0	18.63	19.77	0.67	21.58	0.94	0.94	0.4	 e = CDGKNRSYZ
0.0	47.47	0.0	25.7	7.02	3.93	10.11	0.14	5.62	0.0	 f = O
0.0	1.92	0.0	1.67	2.63	0.15	93.51	0.09	0.03	0.0	 g = 0
0.0	46.29	0.0	12.46	11.57	0.89	26.71	1.78	0.0	0.3	 h = LT
0.0	34.86	0.0	21.1	4.13	4.13	1.38	2.29	32.11	0.0	 i = U
0.0	54.52	0.0	16.05	9.36	1.0	14.05	0.0	4.68	0.33	 j = MBP
