Timestamp:2014-12-07-11:16:42
Inventario:I4
Intervalo:3ms
Ngramas:1
Clasificador:NaiveBayes
Relation Name:  I4-3ms-1gramas
Num Instances:  61135
Num Attributes: 11

     Name                      Type  Nom  Int Real     Missing      Unique  Dist
   1 0Int(dB)                   Num   0%  10%  90%     0 /  0%     3 /  0%   777 
   2 0Pitch(Hz)                 Num   0%  52%  48%     0 /  0%   559 /  1%  3828 
   3 0RawPitch                  Num   0%  55%  45%     0 /  0%   613 /  1%  3808 
   4 0SmPitch                   Num   0%  53%  47%     0 /  0%   575 /  1%  3802 
   5 0Melogram(st)              Num   0%  49%  51%     0 /  0%   269 /  0%  3285 
   6 0ZCross                    Num   0% 100%   0%     0 /  0%     3 /  0%    50 
   7 0F1(Hz)                    Num   0%  52%  48%     0 /  0%  1075 /  2%  4783 
   8 0F2(Hz)                    Num   0%  52%  48%     0 /  0%  2270 /  4%  6724 
   9 0F3(Hz)                    Num   0%  52%  48%     0 /  0%  1945 /  3%  6241 
  10 0F4(Hz)                    Num   0%  52%  48%     0 /  0%  1922 /  3%  6122 
  11 class                      Nom 100%   0%   0%     0 /  0%     0 /  0%    10 


Naive Bayes Classifier

                    Class
Attribute               C         E        FV        AI CDGKNRSYZ         O         0        LT         U       MBP
                   (0.01)    (0.08)    (0.01)     (0.2)    (0.16)    (0.07)    (0.39)    (0.04)    (0.02)    (0.03)
====================================================================================================================
0Int(dB)
  mean             -7.7144   -5.2154  -14.9663   -5.1844   -15.988    -8.205  -48.5184  -16.7493   -5.0964  -12.2908
  std. dev.         7.9877     8.061    8.8198    9.5792    9.8675   12.2015   15.9239   11.9026    7.5403   10.5869
  weight sum           363      4621       864     11967      9576      4463     23726      2221      1386      1948
  precision         0.1043    0.1043    0.1043    0.1043    0.1043    0.1043    0.1043    0.1043    0.1043    0.1043

0Pitch(Hz)
  mean            211.9581  190.6854  132.7243  206.9409  118.9882  178.3171   15.7156  125.1058   230.256  161.0025
  std. dev.        101.191   87.4198  107.1636  104.0213  114.6785  105.1185    54.799  104.5268   83.5916  109.8138
  weight sum           363      4621       864     11967      9576      4463     23726      2221      1386      1948
  precision         0.1303    0.1303    0.1303    0.1303    0.1303    0.1303    0.1303    0.1303    0.1303    0.1303

0RawPitch
  mean            201.5263  186.0468  107.6938  197.3354  101.3949  172.3446    12.846  104.3586   221.377  148.5952
  std. dev.       111.8555   94.2836  102.8608  109.7747   114.525   111.886   49.2565  103.1783   91.8259  115.2511
  weight sum           363      4621       864     11967      9576      4463     23726      2221      1386      1948
  precision          0.131     0.131     0.131     0.131     0.131     0.131     0.131     0.131     0.131     0.131

0SmPitch
  mean            210.4051  189.2421  123.0119   204.867  112.3342  176.2127   14.1425   118.741   229.966  156.3345
  std. dev.       102.9728   88.6477  104.4081   105.724  114.9823  107.2818   50.9133  104.8018   83.6261  112.6809
  weight sum           363      4621       864     11967      9576      4463     23726      2221      1386      1948
  precision         0.1312    0.1312    0.1312    0.1312    0.1312    0.1312    0.1312    0.1312    0.1312    0.1312

0Melogram(st)
  mean             51.0657   50.6147   37.2513   50.8126   30.7905   46.5702    4.6708   34.4319   54.4863   41.7583
  std. dev.        17.8701   15.1287    24.928    16.748   27.4606    20.439    15.268   26.1315   13.4335   24.1126
  weight sum           363      4621       864     11967      9576      4463     23726      2221      1386      1948
  precision         0.0252    0.0252    0.0252    0.0252    0.0252    0.0252    0.0252    0.0252    0.0252    0.0252

0ZCross
  mean              4.3582    4.9156    1.9401    6.3221    3.1839    4.0424    0.2221    2.0049    3.8515    2.4227
  std. dev.         2.7159    3.2034    2.0364     4.559    5.1652    2.9091    1.0404    2.1254    2.7932    2.0849
  weight sum           363      4621       864     11967      9576      4463     23726      2221      1386      1948
  precision         1.1633    1.1633    1.1633    1.1633    1.1633    1.1633    1.1633    1.1633    1.1633    1.1633

0F1(Hz)
  mean            493.2121  466.9426  381.3156  619.6746  322.8712  486.8876   50.9705  292.6928  501.4313  372.4935
  std. dev.       192.4513  141.0764  276.5899  279.6222  281.5409  224.2029  162.6104  252.1069  304.2361  235.5015
  weight sum           363      4621       864     11967      9576      4463     23726      2221      1386      1948
  precision         0.3642    0.3642    0.3642    0.3642    0.3642    0.3642    0.3642    0.3642    0.3642    0.3642

0F2(Hz)
  mean           1687.2659 1800.7234 1172.6362 1554.5292 1014.0562 1143.6165  159.6878 1024.8012 1063.4653 1312.5688
  std. dev.       594.1662  507.5736  779.2046  542.2833  845.1049  529.3781  504.4739   839.475  414.3404  745.4148
  weight sum           363      4621       864     11967      9576      4463     23726      2221      1386      1948
  precision         0.4431    0.4431    0.4431    0.4431    0.4431    0.4431    0.4431    0.4431    0.4431    0.4431

0F3(Hz)
  mean           2893.5233  2638.722 1994.0357 2664.5767 1757.0647 2509.8227   272.283 1750.6962  2701.015 2208.9124
  std. dev.       933.1946  758.2975 1314.2962  824.7762 1434.8075 1013.4676  845.4798 1429.9932  745.1651 1199.4463
  weight sum           363      4621       864     11967      9576      4463     23726      2221      1386      1948
  precision         0.6602    0.6602    0.6602    0.6602    0.6602    0.6602    0.6602    0.6602    0.6602    0.6602

0F4(Hz)
  mean           2936.8721  3179.034 2385.6763 3105.1123  2029.654  2888.156  327.6107 2016.9519 3093.8479 2654.3032
  std. dev.       950.2793  877.8457 1536.6667  942.4481 1649.8841 1148.0627 1014.8963 1634.5631  750.1771 1409.2849
  weight sum           363      4621       864     11967      9576      4463     23726      2221      1386      1948
  precision         0.6775    0.6775    0.6775    0.6775    0.6775    0.6775    0.6775    0.6775    0.6775    0.6775





=== Stratified cross-validation ===

Correctly Classified Instances       33802               55.2907 %
Incorrectly Classified Instances     27333               44.7093 %
Kappa statistic                          0.4118
K&B Relative Info Score            2427628.2451 %
K&B Information Score                61996.9469 bits      1.0141 bits/instance
Class complexity | order 0          156108.9754 bits      2.5535 bits/instance
Class complexity | scheme           387493.2652 bits      6.3383 bits/instance
Complexity improvement     (Sf)    -231384.2898 bits     -3.7848 bits/instance
Mean absolute error                      0.0958
Root mean squared error                  0.257 
Relative absolute error                 62.0072 %
Root relative squared error             92.4802 %
Coverage of cases (0.95 level)          74.3437 %
Mean rel. region size (0.95 level)      26.3347 %
Total Number of Instances            61135     


=== Detailed Accuracy By Class ===

                 TP Rate  FP Rate  Precision  Recall   F-Measure  MCC      ROC Area  PRC Area  Class
                 0,000    0,000    0,000      0,000    0,000      0,000    0,783     0,026     C
                 0,714    0,240    0,195      0,714    0,307      0,280    0,844     0,267     E
                 0,000    0,000    0,000      0,000    0,000      0,000    0,729     0,029     FV
                 0,554    0,098    0,579      0,554    0,566      0,464    0,848     0,598     AI
                 0,188    0,047    0,424      0,188    0,260      0,201    0,726     0,356     CDGKNRSYZ
                 0,047    0,006    0,361      0,047    0,083      0,108    0,775     0,201     O
                 0,901    0,146    0,796      0,901    0,845      0,741    0,953     0,951     0
                 0,000    0,000    0,000      0,000    0,000      0,000    0,713     0,079     LT
                 0,362    0,011    0,438      0,362    0,396      0,386    0,881     0,363     U
                 0,000    0,000    0,000      0,000    0,000      -0,003   0,728     0,060     MBP
Weighted Avg.    0,553    0,102    0,540      0,553    0,518      0,447    0,854     0,590     


=== Confusion Matrix ===

     a     b     c     d     e     f     g     h     i     j   <-- classified as
     0   200     0   127    14     0    22     0     0     0 |     a = C
     0  3298     0   884   244     6   181     0     6     2 |     b = E
     0   420     0   107   100    14   217     0     6     0 |     c = FV
     0  4019     0  6628   603    48   652     0    16     1 |     d = AI
     0  3278     0  1385  1796   151  2846     0   108    12 |     e = CDGKNRSYZ
     0  2041     0  1069   283   208   489     0   373     0 |     f = O
     0  1140     0   528   607    52 21370     0    26     3 |     g = 0
     0   994     0   202   320    22   681     0     1     1 |     h = LT
     0   463     0   266    82    49    24     0   502     0 |     i = U
     0  1021     0   251   184    26   357     0   109     0 |     j = MBP

=== Percent Confusion Matrix ===
a	b	c	d	e	f	g	h	i	j	
0.0	55.1	0.0	34.99	3.86	0.0	6.06	0.0	0.0	0.0	 a = C
0.0	71.37	0.0	19.13	5.28	0.13	3.92	0.0	0.13	0.04	 b = E
0.0	48.61	0.0	12.38	11.57	1.62	25.12	0.0	0.69	0.0	 c = FV
0.0	33.58	0.0	55.39	5.04	0.4	5.45	0.0	0.13	0.01	 d = AI
0.0	34.23	0.0	14.46	18.76	1.58	29.72	0.0	1.13	0.13	 e = CDGKNRSYZ
0.0	45.73	0.0	23.95	6.34	4.66	10.96	0.0	8.36	0.0	 f = O
0.0	4.8	0.0	2.23	2.56	0.22	90.07	0.0	0.11	0.01	 g = 0
0.0	44.75	0.0	9.1	14.41	0.99	30.66	0.0	0.05	0.05	 h = LT
0.0	33.41	0.0	19.19	5.92	3.54	1.73	0.0	36.22	0.0	 i = U
0.0	52.41	0.0	12.89	9.45	1.33	18.33	0.0	5.6	0.0	 j = MBP
