Timestamp:2014-12-07-11:17:57
Inventario:I4
Intervalo:6ms
Ngramas:1
Clasificador:NaiveBayes
Relation Name:  I4-6ms-1gramas
Num Instances:  30453
Num Attributes: 11

     Name                      Type  Nom  Int Real     Missing      Unique  Dist
   1 0Int(dB)                   Num   0%  10%  90%     0 /  0%     3 /  0%   777 
   2 0Pitch(Hz)                 Num   0%  51%  49%     0 /  0%   750 /  2%  3423 
   3 0RawPitch                  Num   0%  55%  45%     0 /  0%   699 /  2%  3337 
   4 0SmPitch                   Num   0%  53%  47%     0 /  0%   748 /  2%  3382 
   5 0Melogram(st)              Num   0%  48%  52%     0 /  0%   413 /  1%  3048 
   6 0ZCross                    Num   0% 100%   0%     0 /  0%     8 /  0%    47 
   7 0F1(Hz)                    Num   0%  52%  48%     0 /  0%  1130 /  4%  4802 
   8 0F2(Hz)                    Num   0%  51%  49%     0 /  0%  2251 /  7%  6691 
   9 0F3(Hz)                    Num   0%  52%  48%     0 /  0%  1969 /  6%  6255 
  10 0F4(Hz)                    Num   0%  52%  48%     0 /  0%  1938 /  6%  6099 
  11 class                      Nom 100%   0%   0%     0 /  0%     0 /  0%    10 


Naive Bayes Classifier

                    Class
Attribute               C         E        FV        AI CDGKNRSYZ         O         0        LT         U       MBP
                   (0.01)    (0.08)    (0.01)     (0.2)    (0.16)    (0.07)    (0.38)    (0.04)    (0.02)    (0.03)
====================================================================================================================
0Int(dB)
  mean             -7.6486   -5.3083  -14.9621   -5.2672  -16.0368   -8.2927  -49.0429  -16.8688   -5.2124  -12.3369
  std. dev.         7.9568    8.1563    8.8347    9.6075    9.8914   12.1905   15.4132   11.9055    7.6533    10.602
  weight sum           185      2347       430      6031      4802      2251     11611      1119       697       980
  precision         0.1027    0.1027    0.1027    0.1027    0.1027    0.1027    0.1027    0.1027    0.1027    0.1027

0Pitch(Hz)
  mean            211.7374  191.0581  133.3692  207.0059  121.3523  178.5747   14.1299  127.4747  230.7901  163.7124
  std. dev.        99.8735   87.4612  106.8281  103.4399  114.2971  104.7438   52.0089  103.8849   82.8574  108.8774
  weight sum           185      2347       430      6031      4802      2251     11611      1119       697       980
  precision         0.1457    0.1457    0.1457    0.1457    0.1457    0.1457    0.1457    0.1457    0.1457    0.1457

0RawPitch
  mean            201.2831  186.7023  109.9149   197.313  103.9672  172.5426   11.6282  106.2299  221.3767  150.0446
  std. dev.       110.3952   93.4491  102.8897  108.7343  114.0585  110.6448    46.559   102.467   91.1707   114.114
  weight sum           185      2347       430      6031      4802      2251     11611      1119       697       980
  precision         0.1486    0.1486    0.1486    0.1486    0.1486    0.1486    0.1486    0.1486    0.1486    0.1486

0SmPitch
  mean             209.704  189.6338   124.407  204.8743  114.6851  176.5059   12.7048   120.621  229.7721  158.6198
  std. dev.       102.2181   88.7774   103.769   105.225  114.7068   106.636   48.0549   104.478   83.4441  112.4568
  weight sum           185      2347       430      6031      4802      2251     11611      1119       697       980
  precision         0.1475    0.1475    0.1475    0.1475    0.1475    0.1475    0.1475    0.1475    0.1475    0.1475

0Melogram(st)
  mean             51.2372   50.8127   38.4205   51.0152   31.4508   46.6912    4.2912   35.2279   54.8522    42.399
  std. dev.        17.5082   14.8245   24.4262   16.4206   27.3605   20.3122   14.7017    25.856   12.6632   23.6994
  weight sum           185      2347       430      6031      4802      2251     11611      1119       697       980
  precision         0.0271    0.0271    0.0271    0.0271    0.0271    0.0271    0.0271    0.0271    0.0271    0.0271

0ZCross
  mean              4.3657    4.8852    1.9001    6.2789    3.1418    3.9781    0.1868    1.9607    3.8114    2.4041
  std. dev.         2.6593    3.1792    2.0075    4.5294    5.0686    2.8849     0.942    2.0795    2.7838    2.0753
  weight sum           185      2347       430      6031      4802      2251     11611      1119       697       980
  precision         1.1739    1.1739    1.1739    1.1739    1.1739    1.1739    1.1739    1.1739    1.1739    1.1739

0F1(Hz)
  mean            498.9833   466.462  391.2913  618.9318  330.7946  486.7294   46.8563  299.1656  499.9719  381.3506
  std. dev.         186.19  141.9729  276.1702  277.9742   280.913  223.3891  156.9324  250.8875  304.4022   233.551
  weight sum           185      2347       430      6031      4802      2251     11611      1119       697       980
  precision         0.3628    0.3628    0.3628    0.3628    0.3628    0.3628    0.3628    0.3628    0.3628    0.3628

0F2(Hz)
  mean           1705.1671 1796.4609 1193.1191 1559.0141 1037.9806  1145.619  145.6475  1047.092 1063.4579 1332.6509
  std. dev.       569.4236  511.4411  771.0706  538.9165  841.7357   528.768  482.6819  835.0249  420.6329  730.2324
  weight sum           185      2347       430      6031      4802      2251     11611      1119       697       980
  precision         0.4452    0.4452    0.4452    0.4452    0.4452    0.4452    0.4452    0.4452    0.4452    0.4452

0F3(Hz)
  mean           2921.8002 2636.0758 2027.9477 2670.7641 1796.3957  2513.778  249.3576 1785.8544 2692.0225 2248.6819
  std. dev.       891.1037  763.9923 1301.1049   817.156 1426.1519 1011.4708  812.0478 1417.5805   759.659 1174.9913
  weight sum           185      2347       430      6031      4802      2251     11611      1119       697       980
  precision         0.6587    0.6587    0.6587    0.6587    0.6587    0.6587    0.6587    0.6587    0.6587    0.6587

0F4(Hz)
  mean           2960.2051 3175.4825 2421.4135 3111.2919 2076.7444 2890.9482    300.63 2063.2402 3085.5469 2697.4569
  std. dev.        906.295  884.6328 1516.9857  933.1587 1640.9336 1145.4649  976.8376 1625.4486  770.8999 1376.7352
  weight sum           185      2347       430      6031      4802      2251     11611      1119       697       980
  precision         0.6801    0.6801    0.6801    0.6801    0.6801    0.6801    0.6801    0.6801    0.6801    0.6801





=== Stratified cross-validation ===

Correctly Classified Instances       16866               55.3837 %
Incorrectly Classified Instances     13587               44.6163 %
Kappa statistic                          0.4153
K&B Relative Info Score            1217956.1811 %
K&B Information Score                31270.3103 bits      1.0268 bits/instance
Class complexity | order 0           78170.5996 bits      2.5669 bits/instance
Class complexity | scheme           194634.0579 bits      6.3913 bits/instance
Complexity improvement     (Sf)    -116463.4583 bits     -3.8244 bits/instance
Mean absolute error                      0.0959
Root mean squared error                  0.256 
Relative absolute error                 61.7691 %
Root relative squared error             91.9052 %
Coverage of cases (0.95 level)          74.8432 %
Mean rel. region size (0.95 level)      26.9842 %
Total Number of Instances            30453     


=== Detailed Accuracy By Class ===

                 TP Rate  FP Rate  Precision  Recall   F-Measure  MCC      ROC Area  PRC Area  Class
                 0,000    0,000    0,000      0,000    0,000      0,000    0,779     0,026     C
                 0,704    0,239    0,198      0,704    0,309      0,278    0,841     0,270     E
                 0,000    0,000    0,000      0,000    0,000      0,000    0,736     0,030     FV
                 0,563    0,103    0,574      0,563    0,569      0,463    0,847     0,600     AI
                 0,190    0,048    0,427      0,190    0,263      0,203    0,726     0,358     CDGKNRSYZ
                 0,045    0,006    0,385      0,045    0,081      0,111    0,774     0,205     O
                 0,909    0,140    0,800      0,909    0,851      0,754    0,958     0,954     0
                 0,000    0,000    0,000      0,000    0,000      0,000    0,715     0,081     LT
                 0,352    0,011    0,439      0,352    0,390      0,380    0,879     0,363     U
                 0,001    0,000    0,083      0,001    0,002      0,006    0,732     0,062     MBP
Weighted Avg.    0,554    0,100    0,542      0,554    0,517      0,450    0,854     0,589     


=== Confusion Matrix ===

     a     b     c     d     e     f     g     h     i     j   <-- classified as
     0   101     0    66     8     0    10     0     0     0 |     a = C
     0  1653     0   471   124     1    93     0     4     1 |     b = E
     0   213     0    57    55     5    99     0     1     0 |     c = FV
     0  1982     0  3398   307    15   320     0     9     0 |     d = AI
     0  1660     0   738   914    72  1359     0    54     5 |     e = CDGKNRSYZ
     0  1023     0   553   152   102   243     0   178     0 |     f = O
     0   476     0   259   287    19 10553     0    13     4 |     g = 0
     0   508     0   109   159    13   329     0     0     1 |     h = LT
     0   233     0   141    44    23    11     0   245     0 |     i = U
     0   519     0   131    90    15   170     0    54     1 |     j = MBP

=== Percent Confusion Matrix ===
a	b	c	d	e	f	g	h	i	j	
0.0	54.59	0.0	35.68	4.32	0.0	5.41	0.0	0.0	0.0	 a = C
0.0	70.43	0.0	20.07	5.28	0.04	3.96	0.0	0.17	0.04	 b = E
0.0	49.53	0.0	13.26	12.79	1.16	23.02	0.0	0.23	0.0	 c = FV
0.0	32.86	0.0	56.34	5.09	0.25	5.31	0.0	0.15	0.0	 d = AI
0.0	34.57	0.0	15.37	19.03	1.5	28.3	0.0	1.12	0.1	 e = CDGKNRSYZ
0.0	45.45	0.0	24.57	6.75	4.53	10.8	0.0	7.91	0.0	 f = O
0.0	4.1	0.0	2.23	2.47	0.16	90.89	0.0	0.11	0.03	 g = 0
0.0	45.4	0.0	9.74	14.21	1.16	29.4	0.0	0.0	0.09	 h = LT
0.0	33.43	0.0	20.23	6.31	3.3	1.58	0.0	35.15	0.0	 i = U
0.0	52.96	0.0	13.37	9.18	1.53	17.35	0.0	5.51	0.1	 j = MBP
